# x		Fun(x)	FunAtv1(x)
-2.000000	-0.909297	-0.411593
-1.990000	-0.913413	-0.402459
-1.980000	-0.917438	-0.393285
-1.970000	-0.921371	-0.384071
-1.960000	-0.925212	-0.374819
-1.950000	-0.928960	-0.365530
-1.940000	-0.932615	-0.356204
-1.930000	-0.936177	-0.346842
-1.920000	-0.939645	-0.337446
-1.910000	-0.943020	-0.328016
-1.900000	-0.946300	-0.318553
-1.890000	-0.949486	-0.309058
-1.880000	-0.952576	-0.299532
-1.870000	-0.955572	-0.289977
-1.860000	-0.958471	-0.280392
-1.850000	-0.961275	-0.270779
-1.840000	-0.963983	-0.261140
-1.830000	-0.966594	-0.251474
-1.820000	-0.969109	-0.241783
-1.810000	-0.971527	-0.232068
-1.800000	-0.973848	-0.222329
-1.790000	-0.976071	-0.212568
-1.780000	-0.978197	-0.202787
-1.770000	-0.980224	-0.192984
-1.760000	-0.982154	-0.183163
-1.750000	-0.983986	-0.173323
-1.740000	-0.985719	-0.163466
-1.730000	-0.987354	-0.153593
-1.720000	-0.988890	-0.143704
-1.710000	-0.990327	-0.133801
-1.700000	-0.991665	-0.123884
-1.690000	-0.992904	-0.113955
-1.680000	-0.994043	-0.104015
-1.670000	-0.995083	-0.094064
-1.660000	-0.996024	-0.084104
-1.650000	-0.996865	-0.074135
-1.640000	-0.997606	-0.064159
-1.630000	-0.998248	-0.054177
-1.620000	-0.998790	-0.044189
-1.610000	-0.999232	-0.034197
-1.600000	-0.999574	-0.024201
-1.590000	-0.999816	-0.014203
-1.580000	-0.999958	-0.004204
-1.570000	-1.000000	0.005796
-1.560000	-0.999942	0.015796
-1.550000	-0.999784	0.025793
-1.540000	-0.999526	0.035789
-1.530000	-0.999168	0.045780
-1.520000	-0.998710	0.055767
-1.510000	-0.998152	0.065749
-1.500000	-0.997495	0.075723
-1.490000	-0.996738	0.085691
-1.480000	-0.995881	0.095649
-1.470000	-0.994924	0.105599
-1.460000	-0.993868	0.115537
-1.450000	-0.992713	0.125464
-1.440000	-0.991458	0.135379
-1.430000	-0.990105	0.145280
-1.420000	-0.988652	0.155166
-1.410000	-0.987100	0.165037
-1.400000	-0.985450	0.174892
-1.390000	-0.983701	0.184728
-1.380000	-0.981854	0.194547
-1.370000	-0.979908	0.204346
-1.360000	-0.977865	0.214124
-1.350000	-0.975723	0.223882
-1.340000	-0.973485	0.233616
-1.330000	-0.971148	0.243328
-1.320000	-0.968715	0.253015
-1.310000	-0.966185	0.262677
-1.300000	-0.963558	0.272312
-1.290000	-0.960835	0.281920
-1.280000	-0.958016	0.291500
-1.270000	-0.955101	0.301051
-1.260000	-0.952090	0.310572
-1.250000	-0.948985	0.320062
-1.240000	-0.945784	0.329520
-1.230000	-0.942489	0.338945
-1.220000	-0.939099	0.348335
-1.210000	-0.935616	0.357692
-1.200000	-0.932039	0.367012
-1.190000	-0.928369	0.376295
-1.180000	-0.924606	0.385541
-1.170000	-0.920751	0.394749
-1.160000	-0.916803	0.403917
-1.150000	-0.912764	0.413044
-1.140000	-0.908633	0.422131
-1.130000	-0.904412	0.431175
-1.120000	-0.900100	0.440176
-1.110000	-0.895699	0.449133
-1.100000	-0.891207	0.458045
-1.090000	-0.886627	0.466911
-1.080000	-0.881958	0.475730
-1.070000	-0.877201	0.484502
-1.060000	-0.872355	0.493226
-1.050000	-0.867423	0.501900
-1.040000	-0.862404	0.510524
-1.030000	-0.857299	0.519097
-1.020000	-0.852108	0.527618
-1.010000	-0.846832	0.536086
-1.000000	-0.841471	0.544501
-0.990000	-0.836026	0.552861
-0.980000	-0.830497	0.561166
-0.970000	-0.824886	0.569415
-0.960000	-0.819192	0.577606
-0.950000	-0.813416	0.585740
-0.940000	-0.807558	0.593816
-0.930000	-0.801620	0.601832
-0.920000	-0.795602	0.609788
-0.910000	-0.789504	0.617683
-0.900000	-0.783327	0.625516
-0.890000	-0.777072	0.633287
-0.880000	-0.770739	0.640994
-0.870000	-0.764329	0.648637
-0.860000	-0.757843	0.656216
-0.850000	-0.751280	0.663729
-0.840000	-0.744643	0.671175
-0.830000	-0.737931	0.678554
-0.820000	-0.731146	0.685866
-0.810000	-0.724287	0.693108
-0.800000	-0.717356	0.700282
-0.790000	-0.710353	0.707385
-0.780000	-0.703279	0.714418
-0.770000	-0.696135	0.721379
-0.760000	-0.688921	0.728269
-0.750000	-0.681639	0.735085
-0.740000	-0.674288	0.741828
-0.730000	-0.666870	0.748496
-0.720000	-0.659385	0.755090
-0.710000	-0.651834	0.761608
-0.700000	-0.644218	0.768051
-0.690000	-0.636537	0.774416
-0.680000	-0.628793	0.780704
-0.670000	-0.620986	0.786914
-0.660000	-0.613117	0.793045
-0.650000	-0.605186	0.799096
-0.640000	-0.597195	0.805068
-0.630000	-0.589145	0.810960
-0.620000	-0.581035	0.816770
-0.610000	-0.572867	0.822499
-0.600000	-0.564642	0.828145
-0.590000	-0.556361	0.833709
-0.580000	-0.548024	0.839189
-0.570000	-0.539632	0.844585
-0.560000	-0.531186	0.849897
-0.550000	-0.522687	0.855124
-0.540000	-0.514136	0.860265
-0.530000	-0.505533	0.865320
-0.520000	-0.496880	0.870289
-0.510000	-0.488177	0.875171
-0.500000	-0.479426	0.879965
-0.490000	-0.470626	0.884671
-0.480000	-0.461779	0.889289
-0.470000	-0.452886	0.893818
-0.460000	-0.443948	0.898257
-0.450000	-0.434966	0.902607
-0.440000	-0.425939	0.906866
-0.430000	-0.416871	0.911035
-0.420000	-0.407760	0.915113
-0.410000	-0.398609	0.919099
-0.400000	-0.389418	0.922993
-0.390000	-0.380188	0.926795
-0.380000	-0.370920	0.930504
-0.370000	-0.361615	0.934120
-0.360000	-0.352274	0.937643
-0.350000	-0.342898	0.941072
-0.340000	-0.333487	0.944406
-0.330000	-0.324043	0.947647
-0.320000	-0.314567	0.950792
-0.310000	-0.305059	0.953843
-0.300000	-0.295520	0.956798
-0.290000	-0.285952	0.959658
-0.280000	-0.276356	0.962421
-0.270000	-0.266731	0.965088
-0.260000	-0.257081	0.967659
-0.250000	-0.247404	0.970133
-0.240000	-0.237703	0.972510
-0.230000	-0.227978	0.974790
-0.220000	-0.218230	0.976972
-0.210000	-0.208460	0.979057
-0.200000	-0.198669	0.981044
-0.190000	-0.188859	0.982932
-0.180000	-0.179030	0.984722
-0.170000	-0.169182	0.986414
-0.160000	-0.159318	0.988007
-0.150000	-0.149438	0.989502
-0.140000	-0.139543	0.990897
-0.130000	-0.129634	0.992194
-0.120000	-0.119712	0.993391
-0.110000	-0.109778	0.994488
-0.100000	-0.099833	0.995487
-0.090000	-0.089879	0.996386
-0.080000	-0.079915	0.997185
-0.070000	-0.069943	0.997884
-0.060000	-0.059964	0.998484
-0.050000	-0.049979	0.998984
-0.040000	-0.039989	0.999383
-0.030000	-0.029996	0.999683
-0.020000	-0.019999	0.999883
-0.010000	-0.010000	0.999983
0.000000	0.000000	0.999983
0.010000	0.010000	0.999883
0.020000	0.019999	0.999683
0.030000	0.029996	0.999383
0.040000	0.039989	0.998984
0.050000	0.049979	0.998484
0.060000	0.059964	0.997884
0.070000	0.069943	0.997185
0.080000	0.079915	0.996386
0.090000	0.089879	0.995487
0.100000	0.099833	0.994488
0.110000	0.109778	0.993391
0.120000	0.119712	0.992194
0.130000	0.129634	0.990897
0.140000	0.139543	0.989502
0.150000	0.149438	0.988007
0.160000	0.159318	0.986414
0.170000	0.169182	0.984722
0.180000	0.179030	0.982932
0.190000	0.188859	0.981044
0.200000	0.198669	0.979057
0.210000	0.208460	0.976972
0.220000	0.218230	0.974790
0.230000	0.227978	0.972510
0.240000	0.237703	0.970133
0.250000	0.247404	0.967659
0.260000	0.257081	0.965088
0.270000	0.266731	0.962421
0.280000	0.276356	0.959658
0.290000	0.285952	0.956798
0.300000	0.295520	0.953843
0.310000	0.305059	0.950792
0.320000	0.314567	0.947647
0.330000	0.324043	0.944406
0.340000	0.333487	0.941072
0.350000	0.342898	0.937643
0.360000	0.352274	0.934120
0.370000	0.361615	0.930504
0.380000	0.370920	0.926795
0.390000	0.380188	0.922993
0.400000	0.389418	0.919099
0.410000	0.398609	0.915113
0.420000	0.407760	0.911035
0.430000	0.416871	0.906866
0.440000	0.425939	0.902607
0.450000	0.434966	0.898257
0.460000	0.443948	0.893818
0.470000	0.452886	0.889289
0.480000	0.461779	0.884671
0.490000	0.470626	0.879965
0.500000	0.479426	0.875171
0.510000	0.488177	0.870289
0.520000	0.496880	0.865320
0.530000	0.505533	0.860265
0.540000	0.514136	0.855124
0.550000	0.522687	0.849897
0.560000	0.531186	0.844585
0.570000	0.539632	0.839189
0.580000	0.548024	0.833709
0.590000	0.556361	0.828145
0.600000	0.564642	0.822499
0.610000	0.572867	0.816770
0.620000	0.581035	0.810960
0.630000	0.589145	0.805068
0.640000	0.597195	0.799096
0.650000	0.605186	0.793045
0.660000	0.613117	0.786914
0.670000	0.620986	0.780704
0.680000	0.628793	0.774416
0.690000	0.636537	0.768051
0.700000	0.644218	0.761608
0.710000	0.651834	0.755090
0.720000	0.659385	0.748496
0.730000	0.666870	0.741828
0.740000	0.674288	0.735085
0.750000	0.681639	0.728269
0.760000	0.688921	0.721379
0.770000	0.696135	0.714418
0.780000	0.703279	0.707385
0.790000	0.710353	0.700282
0.800000	0.717356	0.693108
0.810000	0.724287	0.685866
0.820000	0.731146	0.678554
0.830000	0.737931	0.671175
0.840000	0.744643	0.663729
0.850000	0.751280	0.656216
0.860000	0.757843	0.648637
0.870000	0.764329	0.640994
0.880000	0.770739	0.633287
0.890000	0.777072	0.625516
0.900000	0.783327	0.617683
0.910000	0.789504	0.609788
0.920000	0.795602	0.601832
0.930000	0.801620	0.593816
0.940000	0.807558	0.585740
0.950000	0.813416	0.577606
0.960000	0.819192	0.569415
0.970000	0.824886	0.561166
0.980000	0.830497	0.552861
0.990000	0.836026	0.544501
1.000000	0.841471	0.536086
1.010000	0.846832	0.527618
1.020000	0.852108	0.519097
1.030000	0.857299	0.510524
1.040000	0.862404	0.501900
1.050000	0.867423	0.493226
1.060000	0.872355	0.484502
1.070000	0.877201	0.475730
1.080000	0.881958	0.466911
1.090000	0.886627	0.458045
1.100000	0.891207	0.449133
1.110000	0.895699	0.440176
1.120000	0.900100	0.431175
1.130000	0.904412	0.422131
1.140000	0.908633	0.413044
1.150000	0.912764	0.403917
1.160000	0.916803	0.394749
1.170000	0.920751	0.385541
1.180000	0.924606	0.376295
1.190000	0.928369	0.367012
1.200000	0.932039	0.357692
1.210000	0.935616	0.348335
1.220000	0.939099	0.338945
1.230000	0.942489	0.329520
1.240000	0.945784	0.320062
1.250000	0.948985	0.310572
1.260000	0.952090	0.301051
1.270000	0.955101	0.291500
1.280000	0.958016	0.281920
1.290000	0.960835	0.272312
1.300000	0.963558	0.262677
1.310000	0.966185	0.253015
1.320000	0.968715	0.243328
1.330000	0.971148	0.233616
1.340000	0.973485	0.223882
1.350000	0.975723	0.214124
1.360000	0.977865	0.204346
1.370000	0.979908	0.194547
1.380000	0.981854	0.184728
1.390000	0.983701	0.174892
1.400000	0.985450	0.165037
1.410000	0.987100	0.155166
1.420000	0.988652	0.145280
1.430000	0.990105	0.135379
1.440000	0.991458	0.125464
1.450000	0.992713	0.115537
1.460000	0.993868	0.105599
1.470000	0.994924	0.095649
1.480000	0.995881	0.085691
1.490000	0.996738	0.075723
1.500000	0.997495	0.065749
1.510000	0.998152	0.055767
1.520000	0.998710	0.045780
1.530000	0.999168	0.035789
1.540000	0.999526	0.025793
1.550000	0.999784	0.015796
1.560000	0.999942	0.005796
1.570000	1.000000	-0.004204
1.580000	0.999958	-0.014203
1.590000	0.999816	-0.024201
1.600000	0.999574	-0.034197
1.610000	0.999232	-0.044189
1.620000	0.998790	-0.054177
1.630000	0.998248	-0.064159
1.640000	0.997606	-0.074135
1.650000	0.996865	-0.084104
1.660000	0.996024	-0.094064
1.670000	0.995083	-0.104015
1.680000	0.994043	-0.113955
1.690000	0.992904	-0.123884
1.700000	0.991665	-0.133801
1.710000	0.990327	-0.143704
1.720000	0.988890	-0.153593
1.730000	0.987354	-0.163466
1.740000	0.985719	-0.173323
1.750000	0.983986	-0.183163
1.760000	0.982154	-0.192984
1.770000	0.980224	-0.202787
1.780000	0.978197	-0.212568
1.790000	0.976071	-0.222329
1.800000	0.973848	-0.232068
1.810000	0.971527	-0.241783
1.820000	0.969109	-0.251474
1.830000	0.966594	-0.261140
1.840000	0.963983	-0.270779
1.850000	0.961275	-0.280392
1.860000	0.958471	-0.289977
1.870000	0.955572	-0.299532
1.880000	0.952576	-0.309058
1.890000	0.949486	-0.318553
1.900000	0.946300	-0.328016
1.910000	0.943020	-0.337446
1.920000	0.939645	-0.346842
1.930000	0.936177	-0.356204
1.940000	0.932615	-0.365530
1.950000	0.928960	-0.374819
1.960000	0.925212	-0.384071
1.970000	0.921371	-0.393285
1.980000	0.917438	-0.402459
1.990000	0.913413	-0.411593
