-22.000000	0.999922
-21.990000	0.999999
-21.980000	0.999876
-21.969999	0.999553
-21.959999	0.999030
-21.949999	0.998308
-21.939999	0.997386
-21.929998	0.996265
-21.919998	0.994946
-21.909998	0.993429
-21.899998	0.991714
-21.889997	0.989803
-21.879997	0.987696
-21.869997	0.985394
-21.859997	0.982898
-21.849997	0.980208
-21.839996	0.977326
-21.829996	0.974254
-21.819996	0.970992
-21.809996	0.967541
-21.799995	0.963903
-21.789995	0.960080
-21.779995	0.956073
-21.769995	0.951883
-21.759995	0.947513
-21.749994	0.942963
-21.739994	0.938237
-21.729994	0.933335
-21.719994	0.928259
-21.709993	0.923013
-21.699993	0.917597
-21.689993	0.912014
-21.679993	0.906267
-21.669992	0.900356
-21.659992	0.894286
-21.649992	0.888058
-21.639992	0.881675
-21.629992	0.875139
-21.619991	0.868453
-21.609991	0.861620
-21.599991	0.854642
-21.589991	0.847522
-21.579990	0.840263
-21.569990	0.832868
-21.559990	0.825340
-21.549990	0.817682
-21.539989	0.809896
-21.529989	0.801987
-21.519989	0.793957
-21.509989	0.785809
-21.499989	0.777547
-21.489988	0.769174
-21.479988	0.760693
-21.469988	0.752108
-21.459988	0.743423
-21.449987	0.734639
-21.439987	0.725762
-21.429987	0.716795
-21.419987	0.707741
-21.409986	0.698604
-21.399986	0.689387
-21.389986	0.680095
-21.379986	0.670730
-21.369986	0.661298
-21.359985	0.651801
-21.349985	0.642243
-21.339985	0.632628
-21.329985	0.622960
-21.319984	0.613243
-21.309984	0.603480
-21.299984	0.593677
-21.289984	0.583835
-21.279984	0.573961
-21.269983	0.564056
-21.259983	0.554126
-21.249983	0.544175
-21.239983	0.534205
-21.229982	0.524222
-21.219982	0.514230
-21.209982	0.504231
-21.199982	0.494231
-21.189981	0.484234
-21.179981	0.474242
-21.169981	0.464261
-21.159981	0.454294
-21.149981	0.444346
-21.139980	0.434419
-21.129980	0.424519
-21.119980	0.414649
-21.109980	0.404814
-21.099979	0.395016
-21.089979	0.385260
-21.079979	0.375551
-21.069979	0.365891
-21.059978	0.356284
-21.049978	0.346736
-21.039978	0.337248
-21.029978	0.327826
-21.019978	0.318472
-21.009977	0.309191
-20.999977	0.299986
-20.989977	0.290862
-20.979977	0.281821
-20.969976	0.272867
-20.959976	0.264004
-20.949976	0.255236
-20.939976	0.246565
-20.929976	0.237996
-20.919975	0.229532
-20.909975	0.221176
-20.899975	0.212931
-20.889975	0.204801
-20.879974	0.196789
-20.869974	0.188899
-20.859974	0.181133
-20.849974	0.173494
-20.839973	0.165987
-20.829973	0.158612
-20.819973	0.151375
-20.809973	0.144276
-20.799973	0.137321
-20.789972	0.130510
-20.779972	0.123847
-20.769972	0.117334
-20.759972	0.110974
-20.749971	0.104770
-20.739971	0.098725
-20.729971	0.092839
-20.719971	0.087117
-20.709970	0.081560
-20.699970	0.076170
-20.689970	0.070949
-20.679970	0.065900
-20.669970	0.061025
-20.659969	0.056326
-20.649969	0.051804
-20.639969	0.047461
-20.629969	0.043299
-20.619968	0.039320
-20.609968	0.035525
-20.599968	0.031916
-20.589968	0.028495
-20.579967	0.025261
-20.569967	0.022218
-20.559967	0.019366
-20.549967	0.016706
-20.539967	0.014239
-20.529966	0.011967
-20.519966	0.009890
-20.509966	0.008009
-20.499966	0.006325
-20.489965	0.004838
-20.479965	0.003549
-20.469965	0.002459
-20.459965	0.001568
-20.449965	0.000877
-20.439964	0.000385
-20.429964	0.000092
-20.419964	0.000000
-20.409964	0.000108
-20.399963	0.000416
-20.389963	0.000923
-20.379963	0.001630
-20.369963	0.002537
-20.359962	0.003642
-20.349962	0.004947
-20.339962	0.006449
-20.329962	0.008148
-20.319962	0.010044
-20.309961	0.012137
-20.299961	0.014424
-20.289961	0.016906
-20.279961	0.019581
-20.269960	0.022448
-20.259960	0.025506
-20.249960	0.028754
-20.239960	0.032190
-20.229959	0.035814
-20.219959	0.039623
-20.209959	0.043616
-20.199959	0.047792
-20.189959	0.052149
-20.179958	0.056685
-20.169958	0.061398
-20.159958	0.066286
-20.149958	0.071349
-20.139957	0.076582
-20.129957	0.081985
-20.119957	0.087556
-20.109957	0.093291
-20.099957	0.099189
-20.089956	0.105247
-20.079956	0.111463
-20.069956	0.117834
-20.059956	0.124359
-20.049955	0.131033
-20.039955	0.137856
-20.029955	0.144823
-20.019955	0.151932
-20.009954	0.159180
-19.999954	0.166565
-19.989954	0.174083
-19.979954	0.181732
-19.969954	0.189507
-19.959953	0.197407
-19.949953	0.205428
-19.939953	0.213567
-19.929953	0.221821
-19.919952	0.230185
-19.909952	0.238658
-19.899952	0.247235
-19.889952	0.255913
-19.879951	0.264689
-19.869951	0.273559
-19.859951	0.282520
-19.849951	0.291568
-19.839951	0.300699
-19.829950	0.309909
-19.819950	0.319196
-19.809950	0.328555
-19.799950	0.337983
-19.789949	0.347475
-19.779949	0.357029
-19.769949	0.366639
-19.759949	0.376303
-19.749949	0.386017
-19.739948	0.395776
-19.729948	0.405576
-19.719948	0.415415
-19.709948	0.425287
-19.699947	0.435190
-19.689947	0.445118
-19.679947	0.455068
-19.669947	0.465036
-19.659946	0.475018
-19.649946	0.485010
-19.639946	0.495008
-19.629946	0.505008
-19.619946	0.515006
-19.609945	0.524998
-19.599945	0.534980
-19.589945	0.544948
-19.579945	0.554899
-19.569944	0.564827
-19.559944	0.574729
-19.549944	0.584601
-19.539944	0.594440
-19.529943	0.604240
-19.519943	0.613999
-19.509943	0.623713
-19.499943	0.633377
-19.489943	0.642987
-19.479942	0.652541
-19.469942	0.662033
-19.459942	0.671460
-19.449942	0.680819
-19.439941	0.690106
-19.429941	0.699317
-19.419941	0.708447
-19.409941	0.717495
-19.399940	0.726455
-19.389940	0.735325
-19.379940	0.744101
-19.369940	0.752779
-19.359940	0.761356
-19.349939	0.769828
-19.339939	0.778193
-19.329939	0.786446
-19.319939	0.794585
-19.309938	0.802606
-19.299938	0.810505
-19.289938	0.818281
-19.279938	0.825929
-19.269938	0.833447
-19.259937	0.840832
-19.249937	0.848080
-19.239937	0.855189
-19.229937	0.862156
-19.219936	0.868978
-19.209936	0.875652
-19.199936	0.882176
-19.189936	0.888547
-19.179935	0.894763
-19.169935	0.900821
-19.159935	0.906719
-19.149935	0.912454
-19.139935	0.918024
-19.129934	0.923426
-19.119934	0.928660
-19.109934	0.933722
-19.099934	0.938610
-19.089933	0.943323
-19.079933	0.947859
-19.069933	0.952215
-19.059933	0.956391
-19.049932	0.960384
-19.039932	0.964193
-19.029932	0.967816
-19.019932	0.971252
-19.009932	0.974499
-18.999931	0.977557
-18.989931	0.980424
-18.979931	0.983098
-18.969931	0.985580
-18.959930	0.987867
-18.949930	0.989959
-18.939930	0.991855
-18.929930	0.993554
-18.919930	0.995056
-18.909929	0.996359
-18.899929	0.997465
-18.889929	0.998371
-18.879929	0.999078
-18.869928	0.999585
-18.859928	0.999892
-18.849928	1.000000
-18.839928	0.999907
-18.829927	0.999615
-18.819927	0.999122
-18.809927	0.998430
-18.799927	0.997539
-18.789927	0.996449
-18.779926	0.995160
-18.769926	0.993672
-18.759926	0.991988
-18.749926	0.990107
-18.739925	0.988029
-18.729925	0.985757
-18.719925	0.983290
-18.709925	0.980630
-18.699924	0.977777
-18.689924	0.974733
-18.679924	0.971500
-18.669924	0.968078
-18.659924	0.964469
-18.649923	0.960673
-18.639923	0.956694
-18.629923	0.952532
-18.619923	0.948189
-18.609922	0.943667
-18.599922	0.938967
-18.589922	0.934091
-18.579922	0.929042
-18.569921	0.923822
-18.559921	0.918431
-18.549921	0.912874
-18.539921	0.907151
-18.529921	0.901266
-18.519920	0.895219
-18.509920	0.889015
-18.499920	0.882655
-18.489920	0.876143
-18.479919	0.869479
-18.469919	0.862668
-18.459919	0.855712
-18.449919	0.848614
-18.439919	0.841376
-18.429918	0.834001
-18.419918	0.826493
-18.409918	0.818854
-18.399918	0.811088
-18.389917	0.803198
-18.379917	0.795186
-18.369917	0.787056
-18.359917	0.778811
-18.349916	0.770454
-18.339916	0.761990
-18.329916	0.753421
-18.319916	0.744750
-18.309916	0.735981
-18.299915	0.727118
-18.289915	0.718164
-18.279915	0.709123
-18.269915	0.699999
-18.259914	0.690794
-18.249914	0.681513
-18.239914	0.672159
-18.229914	0.662736
-18.219913	0.653249
-18.209913	0.643700
-18.199913	0.634093
-18.189913	0.624433
-18.179913	0.614724
-18.169912	0.604968
-18.159912	0.595170
-18.149912	0.585334
-18.139912	0.575464
-18.129911	0.565564
-18.119911	0.555638
-18.109911	0.545689
-18.099911	0.535722
-18.089911	0.525741
-18.079910	0.515750
-18.069910	0.505752
-18.059910	0.495752
-18.049910	0.485754
-18.039909	0.475761
-18.029909	0.465778
-18.019909	0.455809
-18.009909	0.445857
-17.999908	0.435927
-17.989908	0.426023
-17.979908	0.416148
-17.969908	0.406307
-17.959908	0.396503
-17.949907	0.386741
-17.939907	0.377024
-17.929907	0.367356
-17.919907	0.357742
-17.909906	0.348184
-17.899906	0.338687
-17.889906	0.329254
-17.879906	0.319890
-17.869905	0.310598
-17.859905	0.301381
-17.849905	0.292244
-17.839905	0.283190
-17.829905	0.274223
-17.819904	0.265346
-17.809904	0.256563
-17.799904	0.247877
-17.789904	0.239293
-17.779903	0.230812
-17.769903	0.222439
-17.759903	0.214177
-17.749903	0.206030
-17.739902	0.198000
-17.729902	0.190091
-17.719902	0.182306
-17.709902	0.174648
-17.699902	0.167120
-17.689901	0.159725
-17.679901	0.152466
-17.669901	0.145347
-17.659901	0.138369
-17.649900	0.131536
-17.639900	0.124850
-17.629900	0.118315
-17.619900	0.111932
-17.609900	0.105704
-17.599899	0.099634
-17.589899	0.093724
-17.579899	0.087977
-17.569899	0.082394
-17.559898	0.076978
-17.549898	0.071732
-17.539898	0.066657
-17.529898	0.061755
-17.519897	0.057029
-17.509897	0.052480
-17.499897	0.048110
-17.489897	0.043920
-17.479897	0.039913
-17.469896	0.036091
-17.459896	0.032453
-17.449896	0.029003
-17.439896	0.025741
-17.429895	0.022669
-17.419895	0.019787
-17.409895	0.017098
-17.399895	0.014602
-17.389894	0.012300
-17.379894	0.010193
-17.369894	0.008283
-17.359894	0.006568
-17.349894	0.005052
-17.339893	0.003733
-17.329893	0.002612
-17.319893	0.001691
-17.309893	0.000969
-17.299892	0.000447
-17.289892	0.000124
-17.279892	0.000001
-17.269892	0.000079
-17.259892	0.000356
-17.249891	0.000833
-17.239891	0.001510
-17.229891	0.002386
-17.219891	0.003462
-17.209890	0.004735
-17.199890	0.006208
-17.189890	0.007877
-17.179890	0.009743
-17.169889	0.011806
-17.159889	0.014064
-17.149889	0.016516
-17.139889	0.019161
-17.129889	0.021999
-17.119888	0.025028
-17.109888	0.028248
-17.099888	0.031655
-17.089888	0.035250
-17.079887	0.039031
-17.069887	0.042997
-17.059887	0.047145
-17.049887	0.051475
-17.039886	0.055983
-17.029886	0.060670
-17.019886	0.065532
-17.009886	0.070568
-16.999886	0.075775
-16.989885	0.081153
-16.979885	0.086698
-16.969885	0.092408
-16.959885	0.098281
-16.949884	0.104315
-16.939884	0.110507
-16.929884	0.116856
-16.919884	0.123357
-16.909883	0.130009
-16.899883	0.136809
-16.889883	0.143754
-16.879883	0.150842
-16.869883	0.158069
-16.859882	0.165433
-16.849882	0.172931
-16.839882	0.180560
-16.829882	0.188317
-16.819881	0.196198
-16.809881	0.204201
-16.799881	0.212322
-16.789881	0.220558
-16.779881	0.228906
-16.769880	0.237363
-16.759880	0.245924
-16.749880	0.254587
-16.739880	0.263349
-16.729879	0.272205
-16.719879	0.281152
-16.709879	0.290186
-16.699879	0.299305
-16.689878	0.308504
-16.679878	0.317779
-16.669878	0.327127
-16.659878	0.336545
-16.649878	0.346028
-16.639877	0.355572
-16.629877	0.365174
-16.619877	0.374830
-16.609877	0.384536
-16.599876	0.394289
-16.589876	0.404083
-16.579876	0.413917
-16.569876	0.423784
-16.559875	0.433682
-16.549875	0.443606
-16.539875	0.453553
-16.529875	0.463519
-16.519875	0.473499
-16.509874	0.483490
-16.499874	0.493488
-16.489874	0.503488
-16.479874	0.513486
-16.469873	0.523479
-16.459873	0.533463
-16.449873	0.543434
-16.439873	0.553387
-16.429873	0.563318
-16.419872	0.573225
-16.409872	0.583102
-16.399872	0.592946
-16.389872	0.602753
-16.379871	0.612518
-16.369871	0.622239
-16.359871	0.631910
-16.349871	0.641529
-16.339870	0.651092
-16.329870	0.660593
-16.319870	0.670031
-16.309870	0.679401
-16.299870	0.688698
-16.289869	0.697921
-16.279869	0.707064
-16.269869	0.716124
-16.259869	0.725098
-16.249868	0.733982
-16.239868	0.742773
-16.229868	0.751466
-16.219868	0.760058
-16.209867	0.768547
-16.199867	0.776928
-16.189867	0.785198
-16.179867	0.793355
-16.169867	0.801394
-16.159866	0.809312
-16.149866	0.817107
-16.139866	0.824775
-16.129866	0.832312
-16.119865	0.839717
-16.109865	0.846986
-16.099865	0.854117
-16.089865	0.861105
-16.079865	0.867950
-16.069864	0.874647
-16.059864	0.881194
-16.049864	0.887589
-16.039864	0.893828
-16.029863	0.899910
-16.019863	0.905832
-16.009863	0.911592
-15.999863	0.917187
-15.989862	0.922616
-15.979862	0.927875
-15.969862	0.932963
-15.959862	0.937878
-15.949862	0.942618
-15.939861	0.947180
-15.929861	0.951564
-15.919861	0.955767
-15.909861	0.959788
-15.899860	0.963625
-15.889860	0.967277
-15.879860	0.970741
-15.869860	0.974018
-15.859859	0.977104
-15.849859	0.980000
-15.839859	0.982704
-15.829859	0.985215
-15.819859	0.987532
-15.809858	0.989653
-15.799858	0.991579
-15.789858	0.993308
-15.779858	0.994840
-15.769857	0.996174
-15.759857	0.997309
-15.749857	0.998246
-15.739857	0.998983
-15.729856	0.999521
-15.719856	0.999859
-15.709856	0.999996
-15.699856	0.999934
-15.689856	0.999672
-15.679855	0.999210
-15.669855	0.998548
-15.659855	0.997687
-15.649855	0.996627
-15.639854	0.995368
-15.629854	0.993911
-15.619854	0.992257
-15.609854	0.990405
-15.599854	0.988358
-15.589853	0.986115
-15.579853	0.983677
-15.569853	0.981046
-15.559853	0.978223
-15.549852	0.975209
-15.539852	0.972004
-15.529852	0.968610
-15.519852	0.965029
-15.509851	0.961263
-15.499851	0.957311
-15.489851	0.953177
-15.479851	0.948861
-15.469851	0.944366
-15.459850	0.939693
-15.449850	0.934844
-15.439850	0.929821
-15.429850	0.924627
-15.419849	0.919262
-15.409849	0.913730
-15.399849	0.908032
-15.389849	0.902171
-15.379848	0.896149
-15.369848	0.889969
-15.359848	0.883633
-15.349848	0.877143
-15.339848	0.870502
-15.329847	0.863713
-15.319847	0.856779
-15.309847	0.849702
-15.299847	0.842485
-15.289846	0.835131
-15.279846	0.827643
-15.269846	0.820024
-15.259846	0.812277
-15.249846	0.804405
-15.239845	0.796412
-15.229845	0.788300
-15.219845	0.780072
-15.209845	0.771732
-15.199844	0.763284
-15.189844	0.754730
-15.179844	0.746075
-15.169844	0.737321
-15.159843	0.728472
-15.149843	0.719532
-15.139843	0.710504
-15.129843	0.701391
-15.119843	0.692199
-15.109842	0.682929
-15.099842	0.673586
-15.089842	0.664174
-15.079842	0.654696
-15.069841	0.645156
-15.059841	0.635558
-15.049841	0.625906
-15.039841	0.616203
-15.029840	0.606454
-15.019840	0.596663
-15.009840	0.586832
-14.999840	0.576967
-14.989840	0.567072
-14.979839	0.557149
-14.969839	0.547204
-14.959839	0.537239
-14.949839	0.527260
-14.939838	0.517270
-14.929838	0.507273
-14.919838	0.497273
-14.909838	0.487274
-14.899837	0.477280
-14.889837	0.467296
-14.879837	0.457324
-14.869837	0.447369
-14.859837	0.437436
-14.849836	0.427527
-14.839836	0.417648
-14.829836	0.407801
-14.819836	0.397992
-14.809835	0.388223
-14.799835	0.378499
-14.789835	0.368823
-14.779835	0.359200
-14.769835	0.349633
-14.759834	0.340127
-14.749834	0.330684
-14.739834	0.321309
-14.729834	0.312006
-14.719833	0.302778
-14.709833	0.293628
-14.699833	0.284562
-14.689833	0.275581
-14.679832	0.266690
-14.669832	0.257892
-14.659832	0.249192
-14.649832	0.240591
-14.639832	0.232095
-14.629831	0.223705
-14.619831	0.215427
-14.609831	0.207261
-14.599831	0.199213
-14.589830	0.191286
-14.579830	0.183482
-14.569830	0.175804
-14.559830	0.168256
-14.549829	0.160841
-14.539829	0.153561
-14.529829	0.146420
-14.519829	0.139421
-14.509829	0.132566
-14.499828	0.125857
-14.489828	0.119299
-14.479828	0.112892
-14.469828	0.106641
-14.459827	0.100547
-14.449827	0.094612
-14.439827	0.088840
-14.429827	0.083232
-14.419827	0.077791
-14.409826	0.072519
-14.399826	0.067418
-14.389826	0.062490
-14.379826	0.057737
-14.369825	0.053160
-14.359825	0.048763
-14.349825	0.044546
-14.339825	0.040511
-14.329824	0.036660
-14.319824	0.032994
-14.309824	0.029515
-14.299824	0.026225
-14.289824	0.023124
-14.279823	0.020213
-14.269823	0.017495
-14.259823	0.014969
-14.249823	0.012638
-14.239822	0.010501
-14.229822	0.008560
-14.219822	0.006816
-14.209822	0.005269
-14.199821	0.003920
-14.189821	0.002770
-14.179821	0.001818
-14.169821	0.001066
-14.159821	0.000513
-14.149820	0.000160
-14.139820	0.000007
-14.129820	0.000054
-14.119820	0.000301
-14.109819	0.000748
-14.099819	0.001394
-14.089819	0.002240
-14.079819	0.003285
-14.069818	0.004529
-14.059818	0.005971
-14.049818	0.007610
-14.039818	0.009447
-14.029818	0.011480
-14.019817	0.013708
-14.009817	0.016130
-13.999817	0.018747
-13.989817	0.021555
-13.979816	0.024556
-13.969816	0.027746
-13.959816	0.031125
-13.949816	0.034692
-13.939816	0.038445
-13.929815	0.042382
-13.919815	0.046503
-13.909815	0.050805
-13.899815	0.055286
-13.889814	0.059946
-13.879814	0.064781
-13.869814	0.069791
-13.859814	0.074972
-13.849813	0.080324
-13.839813	0.085844
-13.829813	0.091529
-13.819813	0.097378
-13.809813	0.103387
-13.799812	0.109556
-13.789812	0.115880
-13.779812	0.122358
-13.769812	0.128988
-13.759811	0.135765
-13.749811	0.142689
-13.739811	0.149755
-13.729811	0.156961
-13.719810	0.164305
-13.709810	0.171783
-13.699810	0.179392
-13.689810	0.187129
-13.679810	0.194992
-13.669809	0.202976
-13.659809	0.211080
-13.649809	0.219298
-13.639809	0.227630
-13.629808	0.236070
-13.619808	0.244616
-13.609808	0.253263
-13.599808	0.262010
-13.589808	0.270852
-13.579807	0.279785
-13.569807	0.288807
-13.559807	0.297913
-13.549807	0.307100
-13.539806	0.316364
-13.529806	0.325701
-13.519806	0.335108
-13.509806	0.344581
-13.499805	0.354117
-13.489805	0.363710
-13.479805	0.373358
-13.469805	0.383057
-13.459805	0.392803
-13.449804	0.402591
-13.439804	0.412419
-13.429804	0.422281
-13.419804	0.432175
-13.409803	0.442096
-13.399803	0.452039
-13.389803	0.462003
-13.379803	0.471981
-13.369802	0.481970
-13.359802	0.491967
-13.349802	0.501967
-13.339802	0.511966
-13.329802	0.521960
-13.319801	0.531946
-13.309801	0.541918
-13.299801	0.551874
-13.289801	0.561810
-13.279800	0.571720
-13.269800	0.581602
-13.259800	0.591451
-13.249800	0.601264
-13.239799	0.611036
-13.229799	0.620763
-13.219799	0.630443
-13.209799	0.640070
-13.199799	0.649641
-13.189798	0.659152
-13.179798	0.668600
-13.169798	0.677980
-13.159798	0.687289
-13.149797	0.696523
-13.139797	0.705679
-13.129797	0.714752
-13.119797	0.723739
-13.109797	0.732637
-13.099796	0.741442
-13.089796	0.750150
-13.079796	0.758758
-13.069796	0.767263
-13.059795	0.775661
-13.049795	0.783948
-13.039795	0.792122
-13.029795	0.800179
-13.019794	0.808116
-13.009794	0.815929
-12.999794	0.823617
-12.989794	0.831175
-12.979794	0.838600
-12.969793	0.845890
-12.959793	0.853042
-12.949793	0.860052
-12.939793	0.866918
-12.929792	0.873638
-12.919792	0.880208
-12.909792	0.886626
-12.899792	0.892889
-12.889791	0.898996
-12.879791	0.904942
-12.869791	0.910727
-12.859791	0.916347
-12.849791	0.921801
-12.839790	0.927086
-12.829790	0.932200
-12.819790	0.937142
-12.809790	0.941908
-12.799789	0.946498
-12.789789	0.950909
-12.779789	0.955140
-12.769789	0.959189
-12.759789	0.963054
-12.749788	0.966734
-12.739788	0.970227
-12.729788	0.973532
-12.719788	0.976647
-12.709787	0.979572
-12.699787	0.982305
-12.689787	0.984846
-12.679787	0.987192
-12.669786	0.989343
-12.659786	0.991299
-12.649786	0.993058
-12.639786	0.994620
-12.629786	0.995984
-12.619785	0.997150
-12.609785	0.998116
-12.599785	0.998884
-12.589785	0.999452
-12.579784	0.999820
-12.569784	0.999988
-12.559784	0.999957
-12.549784	0.999725
-12.539783	0.999293
-12.529783	0.998662
-12.519783	0.997831
-12.509783	0.996801
-12.499783	0.995573
-12.489782	0.994146
-12.479782	0.992521
-12.469782	0.990700
-12.459782	0.988682
-12.449781	0.986468
-12.439781	0.984061
-12.429781	0.981459
-12.419781	0.978665
-12.409781	0.975679
-12.399780	0.972503
-12.389780	0.969139
-12.379780	0.965586
-12.369780	0.961847
-12.359779	0.957924
-12.349779	0.953817
-12.339779	0.949529
-12.329779	0.945061
-12.319778	0.940415
-12.309778	0.935593
-12.299778	0.930596
-12.289778	0.925428
-12.279778	0.920089
-12.269777	0.914582
-12.259777	0.908909
-12.249777	0.903073
-12.239777	0.897075
-12.229776	0.890919
-12.219776	0.884606
-12.209776	0.878140
-12.199776	0.871522
-12.189775	0.864755
-12.179775	0.857843
-12.169775	0.850787
-12.159775	0.843592
-12.149775	0.836258
-12.139774	0.828791
-12.129774	0.821191
-12.119774	0.813464
-12.109774	0.805610
-12.099773	0.797635
-12.089773	0.789541
-12.079773	0.781330
-12.069773	0.773008
-12.059772	0.764576
-12.049772	0.756038
-12.039772	0.747398
-12.029772	0.738658
-12.019772	0.729824
-12.009771	0.720897
-11.999771	0.711882
-11.989771	0.702783
-11.979771	0.693602
-11.969770	0.684343
-11.959770	0.675011
-11.949770	0.665609
-11.939770	0.656141
-11.929770	0.646610
-11.919769	0.637021
-11.909769	0.627377
-11.899769	0.617682
-11.889769	0.607940
-11.879768	0.598154
-11.869768	0.588330
-11.859768	0.578470
-11.849768	0.568578
-11.839767	0.558660
-11.829767	0.548717
-11.819767	0.538756
-11.809767	0.528778
-11.799767	0.518790
-11.789766	0.508793
-11.779766	0.498794
-11.769766	0.488794
-11.759766	0.478800
-11.749765	0.468813
-11.739765	0.458839
-11.729765	0.448882
-11.719765	0.438945
-11.709764	0.429033
-11.699764	0.419148
-11.689764	0.409297
-11.679764	0.399481
-11.669764	0.389706
-11.659763	0.379975
-11.649763	0.370291
-11.639763	0.360660
-11.629763	0.351085
-11.619762	0.341569
-11.609762	0.332116
-11.599762	0.322731
-11.589762	0.313416
-11.579762	0.304176
-11.569761	0.295014
-11.559761	0.285935
-11.549761	0.276941
-11.539761	0.268036
-11.529760	0.259224
-11.519760	0.250509
-11.509760	0.241893
-11.499760	0.233380
-11.489759	0.224974
-11.479759	0.216678
-11.469759	0.208496
-11.459759	0.200430
-11.449759	0.192483
-11.439758	0.184660
-11.429758	0.176963
-11.419758	0.169395
-11.409758	0.161960
-11.399757	0.154660
-11.389757	0.147497
-11.379757	0.140476
-11.369757	0.133599
-11.359756	0.126868
-11.349756	0.120286
-11.339756	0.113857
-11.329756	0.107581
-11.319756	0.101463
-11.309755	0.095504
-11.299755	0.089707
-11.289755	0.084074
-11.279755	0.078608
-11.269754	0.073310
-11.259754	0.068182
-11.249754	0.063228
-11.239754	0.058448
-11.229753	0.053845
-11.219753	0.049420
-11.209753	0.045175
-11.199753	0.041113
-11.189753	0.037234
-11.179752	0.033540
-11.169752	0.030032
-11.159752	0.026713
-11.149752	0.023583
-11.139751	0.020643
-11.129751	0.017896
-11.119751	0.015341
-11.109751	0.012980
-11.099751	0.010813
-11.089750	0.008843
-11.079750	0.007069
-11.069750	0.005492
-11.059750	0.004113
-11.049749	0.002932
-11.039749	0.001950
-11.029749	0.001167
-11.019749	0.000584
-11.009748	0.000201
-10.999748	0.000017
-10.989748	0.000034
-10.979748	0.000250
-10.969748	0.000667
-10.959747	0.001283
-10.949747	0.002099
-10.939747	0.003113
-10.929747	0.004327
-10.919746	0.005739
-10.909746	0.007348
-10.899746	0.009155
-10.889746	0.011158
-10.879745	0.013356
-10.869745	0.015750
-10.859745	0.018336
-10.849745	0.021116
-10.839745	0.024087
-10.829744	0.027248
-10.819744	0.030599
-10.809744	0.034137
-10.799744	0.037862
-10.789743	0.041771
-10.779743	0.045864
-10.769743	0.050139
-10.759743	0.054593
-10.749743	0.059226
-10.739742	0.064035
-10.729742	0.069018
-10.719742	0.074173
-10.709742	0.079499
-10.699741	0.084994
-10.689741	0.090654
-10.679741	0.096478
-10.669741	0.102463
-10.659740	0.108608
-10.649740	0.114908
-10.639740	0.121363
-10.629740	0.127970
-10.619740	0.134725
-10.609739	0.141626
-10.599739	0.148671
-10.589739	0.155856
-10.579739	0.163179
-10.569738	0.170637
-10.559738	0.178226
-10.549738	0.185944
-10.539738	0.193788
-10.529737	0.201754
-10.519737	0.209840
-10.509737	0.218041
-10.499737	0.226356
-10.489737	0.234779
-10.479736	0.243309
-10.469736	0.251942
-10.459736	0.260674
-10.449736	0.269501
-10.439735	0.278421
-10.429735	0.287429
-10.419735	0.296523
-10.409735	0.305697
-10.399734	0.314950
-10.389734	0.324276
-10.379734	0.333673
-10.369734	0.343137
-10.359734	0.352663
-10.349733	0.362248
-10.339733	0.371888
-10.329733	0.381579
-10.319733	0.391318
-10.309732	0.401100
-10.299732	0.410922
-10.289732	0.420779
-10.279732	0.430669
-10.269732	0.440585
-10.259731	0.450526
-10.249731	0.460486
-10.239731	0.470463
-10.229731	0.480451
-10.219730	0.490446
-10.209730	0.500446
-10.199730	0.510445
-10.189730	0.520441
-10.179729	0.530428
-10.169729	0.540403
-10.159729	0.550362
-10.149729	0.560300
-10.139729	0.570215
-10.129728	0.580101
-10.119728	0.589956
-10.109728	0.599774
-10.099728	0.609552
-10.089727	0.619287
-10.079727	0.628974
-10.069727	0.638609
-10.059727	0.648189
-10.049726	0.657710
-10.039726	0.667168
-10.029726	0.676558
-10.019726	0.685878
-10.009726	0.695124
-9.999725	0.704292
-9.989725	0.713378
-9.979725	0.722378
-9.969725	0.731290
-9.959724	0.740109
-9.949724	0.748832
-9.939724	0.757456
-9.929724	0.765976
-9.919724	0.774390
-9.909723	0.782695
-9.899723	0.790886
-9.889723	0.798961
-9.879723	0.806917
-9.869722	0.814749
-9.859722	0.822456
-9.849722	0.830034
-9.839722	0.837479
-9.829721	0.844790
-9.819721	0.851963
-9.809721	0.858995
-9.799721	0.865883
-9.789721	0.872625
-9.779720	0.879219
-9.769720	0.885660
-9.759720	0.891947
-9.749720	0.898077
-9.739719	0.904048
-9.729719	0.909858
-9.719719	0.915503
-9.709719	0.920982
-9.699718	0.926293
-9.689718	0.931434
-9.679718	0.936401
-9.669718	0.941195
-9.659718	0.945812
-9.649717	0.950250
-9.639717	0.954508
-9.629717	0.958585
-9.619717	0.962478
-9.609716	0.966186
-9.599716	0.969708
-9.589716	0.973041
-9.579716	0.976186
-9.569715	0.979140
-9.559715	0.981902
-9.549715	0.984472
-9.539715	0.986848
-9.529715	0.989029
-9.519714	0.991014
-9.509714	0.992803
-9.499714	0.994395
-9.489714	0.995789
-9.479713	0.996985
-9.469713	0.997982
-9.459713	0.998780
-9.449713	0.999378
-9.439713	0.999777
-9.429712	0.999976
-9.419712	0.999974
-9.409712	0.999773
-9.399712	0.999372
-9.389711	0.998771
-9.379711	0.997970
-9.369711	0.996971
-9.359711	0.995772
-9.349710	0.994375
-9.339710	0.992781
-9.329710	0.990989
-9.319710	0.989001
-9.309710	0.986818
-9.299709	0.984439
-9.289709	0.981867
-9.279709	0.979102
-9.269709	0.976146
-9.259708	0.972999
-9.249708	0.969662
-9.239708	0.966138
-9.229708	0.962428
-9.219707	0.958532
-9.209707	0.954453
-9.199707	0.950193
-9.189707	0.945752
-9.179707	0.941133
-9.169706	0.936337
-9.159706	0.931367
-9.149706	0.926225
-9.139706	0.920911
-9.129705	0.915430
-9.119705	0.909782
-9.109705	0.903971
-9.099705	0.897998
-9.089705	0.891865
-9.079704	0.885576
-9.069704	0.879133
-9.059704	0.872538
-9.049704	0.865794
-9.039703	0.858903
-9.029703	0.851870
-9.019703	0.844695
-9.009703	0.837382
-8.999702	0.829935
-8.989702	0.822355
-8.979702	0.814647
-8.969702	0.806813
-8.959702	0.798856
-8.949701	0.790779
-8.939701	0.782586
-8.929701	0.774280
-8.919701	0.765865
-8.909700	0.757343
-8.899700	0.748718
-8.889700	0.739994
-8.879700	0.731173
-8.869699	0.722260
-8.859699	0.713259
-8.849699	0.704172
-8.839699	0.695003
-8.829699	0.685756
-8.819698	0.676435
-8.809698	0.667044
-8.799698	0.657585
-8.789698	0.648064
-8.779697	0.638483
-8.769697	0.628847
-8.759697	0.619159
-8.749697	0.609424
-8.739697	0.599645
-8.729696	0.589826
-8.719696	0.579971
-8.709696	0.570084
-8.699696	0.560170
-8.689695	0.550231
-8.679695	0.540272
-8.669695	0.530297
-8.659695	0.520309
-8.649694	0.510314
-8.639694	0.500314
-8.629694	0.490315
-8.619694	0.480319
-8.609694	0.470331
-8.599693	0.460355
-8.589693	0.450395
-8.579693	0.440455
-8.569693	0.430538
-8.559692	0.420649
-8.549692	0.410793
-8.539692	0.400971
-8.529692	0.391190
-8.519691	0.381451
-8.509691	0.371761
-8.499691	0.362121
-8.489691	0.352537
-8.479691	0.343012
-8.469690	0.333549
-8.459690	0.324153
-8.449690	0.314828
-8.439690	0.305576
-8.429689	0.296403
-8.419689	0.287310
-8.409689	0.278303
-8.399689	0.269384
-8.389688	0.260558
-8.379688	0.251828
-8.369688	0.243196
-8.359688	0.234668
-8.349688	0.226246
-8.339687	0.217933
-8.329687	0.209733
-8.319687	0.201649
-8.309687	0.193684
-8.299686	0.185842
-8.289686	0.178126
-8.279686	0.170538
-8.269686	0.163082
-8.259686	0.155761
-8.249685	0.148578
-8.239685	0.141535
-8.229685	0.134635
-8.219685	0.127882
-8.209684	0.121278
-8.199684	0.114825
-8.189684	0.108526
-8.179684	0.102383
-8.169683	0.096400
-8.159683	0.090578
-8.149683	0.084920
-8.139683	0.079428
-8.129683	0.074105
-8.119682	0.068951
-8.109682	0.063970
-8.099682	0.059164
-8.089682	0.054533
-8.079681	0.050081
-8.069681	0.045809
-8.059681	0.041719
-8.049681	0.037812
-8.039680	0.034089
-8.029680	0.030554
-8.019680	0.027206
-8.009680	0.024047
-7.999680	0.021078
-7.989679	0.018301
-7.979679	0.015717
-7.969679	0.013326
-7.959679	0.011130
-7.949678	0.009130
-7.939678	0.007326
-7.929678	0.005719
-7.919678	0.004310
-7.909678	0.003099
-7.899677	0.002087
-7.889677	0.001274
-7.879677	0.000660
-7.869677	0.000246
-7.859676	0.000032
-7.849676	0.000019
-7.839676	0.000205
-7.829676	0.000591
-7.819675	0.001176
-7.809675	0.001962
-7.799675	0.002946
-7.789675	0.004130
-7.779675	0.005511
-7.769674	0.007091
-7.759674	0.008868
-7.749674	0.010841
-7.739674	0.013010
-7.729673	0.015373
-7.719673	0.017931
-7.709673	0.020681
-7.699673	0.023623
-7.689672	0.026755
-7.679672	0.030077
-7.669672	0.033587
-7.659672	0.037284
-7.649672	0.041165
-7.639671	0.045230
-7.629671	0.049477
-7.619671	0.053904
-7.609671	0.058510
-7.599670	0.063292
-7.589670	0.068249
-7.579670	0.073378
-7.569670	0.078679
-7.559669	0.084147
-7.549669	0.089782
-7.539669	0.095582
-7.529669	0.101543
-7.519669	0.107663
-7.509668	0.113940
-7.499668	0.120372
-7.489668	0.126956
-7.479668	0.133688
-7.469667	0.140568
-7.459667	0.147591
-7.449667	0.154755
-7.439667	0.162057
-7.429667	0.169494
-7.419666	0.177064
-7.409666	0.184762
-7.399666	0.192587
-7.389666	0.200535
-7.379665	0.208603
-7.369665	0.216787
-7.359665	0.225084
-7.349665	0.233491
-7.339664	0.242005
-7.329664	0.250623
-7.319664	0.259340
-7.309664	0.268153
-7.299664	0.277059
-7.289663	0.286054
-7.279663	0.295134
-7.269663	0.304297
-7.259663	0.313538
-7.249662	0.322854
-7.239662	0.332240
-7.229662	0.341693
-7.219662	0.351210
-7.209661	0.360786
-7.199661	0.370418
-7.189661	0.380102
-7.179661	0.389834
-7.169661	0.399610
-7.159660	0.409426
-7.149660	0.419278
-7.139660	0.429163
-7.129660	0.439076
-7.119659	0.449013
-7.109659	0.458970
-7.099659	0.468945
-7.089659	0.478931
-7.079659	0.488926
-7.069658	0.498925
-7.059658	0.508925
-7.049658	0.518921
-7.039658	0.528910
-7.029657	0.538887
-7.019657	0.548848
-7.009657	0.558790
-6.999657	0.568709
-6.989656	0.578600
-6.979656	0.588459
-6.969656	0.598283
-6.959656	0.608068
-6.949656	0.617810
-6.939655	0.627504
-6.929655	0.637148
-6.919655	0.646736
-6.909655	0.656266
-6.899654	0.665734
-6.889654	0.675135
-6.879654	0.684466
-6.869654	0.693723
-6.859653	0.702903
-6.849653	0.712001
-6.839653	0.721015
-6.829653	0.729941
-6.819653	0.738774
-6.809652	0.747512
-6.799652	0.756151
-6.789652	0.764687
-6.779652	0.773118
-6.769651	0.781439
-6.759651	0.789648
-6.749651	0.797741
-6.739651	0.805715
-6.729650	0.813566
-6.719650	0.821292
-6.709650	0.828890
-6.699650	0.836356
-6.689650	0.843687
-6.679649	0.850881
-6.669649	0.857935
-6.659649	0.864845
-6.649649	0.871610
-6.639648	0.878226
-6.629648	0.884690
-6.619648	0.891001
-6.609648	0.897155
-6.599648	0.903151
-6.589647	0.908985
-6.579647	0.914655
-6.569647	0.920160
-6.559647	0.925497
-6.549646	0.930663
-6.539646	0.935657
-6.529646	0.940477
-6.519646	0.945121
-6.509645	0.949587
-6.499645	0.953872
-6.489645	0.957977
-6.479645	0.961898
-6.469645	0.965634
-6.459644	0.969184
-6.449644	0.972546
-6.439644	0.975720
-6.429644	0.978703
-6.419643	0.981494
-6.409643	0.984093
-6.399643	0.986499
-6.389643	0.988710
-6.379642	0.990725
-6.369642	0.992544
-6.359642	0.994166
-6.349642	0.995590
-6.339642	0.996816
-6.329641	0.997843
-6.319641	0.998672
-6.309641	0.999300
-6.299641	0.999729
-6.289640	0.999958
-6.279640	0.999987
-6.269640	0.999817
-6.259640	0.999446
-6.249640	0.998875
-6.239639	0.998105
-6.229639	0.997136
-6.219639	0.995967
-6.209639	0.994601
-6.199638	0.993036
-6.189638	0.991274
-6.179638	0.989316
-6.169638	0.987162
-6.159637	0.984813
-6.149637	0.982271
-6.139637	0.979535
-6.129637	0.976608
-6.119637	0.973489
-6.109636	0.970182
-6.099636	0.966686
-6.089636	0.963004
-6.079636	0.959137
-6.069635	0.955085
-6.059635	0.950852
-6.049635	0.946439
-6.039635	0.941847
-6.029634	0.937078
-6.019634	0.932134
-6.009634	0.927018
-5.999634	0.921730
-5.989634	0.916274
-5.979633	0.910652
-5.969633	0.904865
-5.959633	0.898916
-5.949633	0.892808
-5.939632	0.886543
-5.929632	0.880122
-5.919632	0.873550
-5.909632	0.866829
-5.899632	0.859961
-5.889631	0.852948
-5.879631	0.845795
-5.869631	0.838503
-5.859631	0.831076
-5.849630	0.823516
-5.839630	0.815827
-5.829630	0.808012
-5.819630	0.800074
-5.809629	0.792015
-5.799629	0.783840
-5.789629	0.775551
-5.779629	0.767152
-5.769629	0.758646
-5.759628	0.750036
-5.749628	0.741327
-5.739628	0.732521
-5.729628	0.723622
-5.719627	0.714633
-5.709627	0.705559
-5.699627	0.696402
-5.689627	0.687167
-5.679626	0.677857
-5.669626	0.668476
-5.659626	0.659028
-5.649626	0.649516
-5.639626	0.639944
-5.629625	0.630316
-5.619625	0.620636
-5.609625	0.610907
-5.599625	0.601135
-5.589624	0.591322
-5.579624	0.581472
-5.569624	0.571590
-5.559624	0.561679
-5.549623	0.551744
-5.539623	0.541787
-5.529623	0.531814
-5.519623	0.521829
-5.509623	0.511834
-5.499622	0.501835
-5.489622	0.491835
-5.479622	0.481839
-5.469622	0.471849
-5.459621	0.461871
-5.449621	0.451909
-5.439621	0.441965
-5.429621	0.432045
-5.419621	0.422151
-5.409620	0.412289
-5.399620	0.402462
-5.389620	0.392674
-5.379620	0.382929
-5.369619	0.373231
-5.359619	0.363584
-5.349619	0.353991
-5.339619	0.344456
-5.329618	0.334984
-5.319618	0.325578
-5.309618	0.316241
-5.299618	0.306978
-5.289618	0.297792
-5.279617	0.288688
-5.269617	0.279667
-5.259617	0.270735
-5.249617	0.261894
-5.239616	0.253149
-5.229616	0.244502
-5.219616	0.235958
-5.209616	0.227519
-5.199615	0.219190
-5.189615	0.210972
-5.179615	0.202870
-5.169615	0.194887
-5.159615	0.187027
-5.149614	0.179291
-5.139614	0.171683
-5.129614	0.164207
-5.119614	0.156865
-5.109613	0.149661
-5.099613	0.142597
-5.089613	0.135675
-5.079613	0.128899
-5.069613	0.122272
-5.059612	0.115796
-5.049612	0.109474
-5.039612	0.103307
-5.029612	0.097300
-5.019611	0.091453
-5.009611	0.085770
-4.999611	0.080253
-4.989611	0.074903
-4.979610	0.069724
-4.969610	0.064716
-4.959610	0.059883
-4.949610	0.055226
-4.939610	0.050747
-4.929609	0.046447
-4.919609	0.042329
-4.909609	0.038394
-4.899609	0.034644
-4.889608	0.031079
-4.879608	0.027703
-4.869608	0.024515
-4.859608	0.021517
-4.849607	0.018711
-4.839607	0.016097
-4.829607	0.013677
-4.819607	0.011452
-4.809607	0.009422
-4.799606	0.007588
-4.789606	0.005951
-4.779606	0.004511
-4.769606	0.003270
-4.759605	0.002228
-4.749605	0.001384
-4.739605	0.000741
-4.729605	0.000296
-4.719604	0.000052
-4.709604	0.000008
-4.699604	0.000163
-4.689604	0.000519
-4.679604	0.001074
-4.669603	0.001829
-4.659603	0.002784
-4.649603	0.003937
-4.639603	0.005288
-4.629602	0.006838
-4.619602	0.008585
-4.609602	0.010528
-4.599602	0.012667
-4.589602	0.015001
-4.579601	0.017529
-4.569601	0.020250
-4.559601	0.023163
-4.549601	0.026267
-4.539600	0.029560
-4.529600	0.033041
-4.519600	0.036709
-4.509600	0.040563
-4.499599	0.044600
-4.489599	0.048819
-4.479599	0.053219
-4.469599	0.057798
-4.459599	0.062553
-4.449598	0.067484
-4.439598	0.072587
-4.429598	0.077862
-4.419598	0.083305
-4.409597	0.088915
-4.399597	0.094689
-4.389597	0.100626
-4.379597	0.106722
-4.369596	0.112976
-4.359596	0.119384
-4.349596	0.125945
-4.339596	0.132655
-4.329596	0.139512
-4.319595	0.146513
-4.309595	0.153656
-4.299595	0.160938
-4.289595	0.168355
-4.279594	0.175904
-4.269594	0.183583
-4.259594	0.191389
-4.249594	0.199319
-4.239594	0.207368
-4.229593	0.215535
-4.219593	0.223815
-4.209593	0.232206
-4.199593	0.240704
-4.189592	0.249306
-4.179592	0.258008
-4.169592	0.266806
-4.159592	0.275698
-4.149591	0.284680
-4.139591	0.293748
-4.129591	0.302899
-4.119591	0.312128
-4.109591	0.321432
-4.099590	0.330808
-4.089590	0.340252
-4.079590	0.349759
-4.069590	0.359326
-4.059589	0.368950
-4.049589	0.378626
-4.039589	0.388351
-4.029589	0.398121
-4.019588	0.407931
-4.009588	0.417778
-3.999588	0.427657
-3.989588	0.437566
-3.979588	0.447500
-3.969588	0.457454
-3.959588	0.467426
-3.949588	0.477410
-3.939588	0.487404
-3.929588	0.497403
-3.919588	0.507402
-3.909588	0.517399
-3.899588	0.527389
-3.889588	0.537368
-3.879588	0.547331
-3.869588	0.557276
-3.859588	0.567198
-3.849588	0.577094
-3.839588	0.586958
-3.829588	0.596788
-3.819588	0.606578
-3.809588	0.616327
-3.799588	0.626028
-3.789588	0.635679
-3.779588	0.645276
-3.769588	0.654815
-3.759588	0.664292
-3.749588	0.673704
-3.739588	0.683045
-3.729589	0.692314
-3.719589	0.701506
-3.709589	0.710617
-3.699589	0.719643
-3.689589	0.728582
-3.679589	0.737430
-3.669589	0.746182
-3.659589	0.754836
-3.649589	0.763389
-3.639589	0.771835
-3.629589	0.780173
-3.619589	0.788399
-3.609589	0.796510
-3.599589	0.804502
-3.589589	0.812372
-3.579589	0.820118
-3.569589	0.827735
-3.559589	0.835221
-3.549589	0.842573
-3.539589	0.849788
-3.529589	0.856863
-3.519589	0.863796
-3.509589	0.870583
-3.499589	0.877221
-3.489589	0.883709
-3.479589	0.890043
-3.469589	0.896222
-3.459589	0.902241
-3.449589	0.908100
-3.439589	0.913796
-3.429589	0.919326
-3.419589	0.924689
-3.409589	0.929881
-3.399589	0.934902
-3.389589	0.939748
-3.379589	0.944419
-3.369589	0.948912
-3.359589	0.953226
-3.349589	0.957358
-3.339589	0.961307
-3.329589	0.965072
-3.319589	0.968651
-3.309589	0.972042
-3.299589	0.975244
-3.289589	0.978257
-3.279589	0.981078
-3.269589	0.983706
-3.259589	0.986141
-3.249589	0.988382
-3.239589	0.990427
-3.229589	0.992277
-3.219589	0.993929
-3.209589	0.995384
-3.199589	0.996640
-3.189589	0.997698
-3.179589	0.998557
-3.169589	0.999216
-3.159589	0.999676
-3.149589	0.999936
-3.139589	0.999996
-3.129589	0.999856
-3.119589	0.999516
-3.109589	0.998976
-3.099589	0.998237
-3.089589	0.997298
-3.079589	0.996161
-3.069589	0.994824
-3.059589	0.993290
-3.049589	0.991559
-3.039589	0.989631
-3.029589	0.987508
-3.019589	0.985189
-3.009589	0.982676
-2.999589	0.979970
-2.989589	0.977072
-2.979589	0.973984
-2.969589	0.970705
-2.959589	0.967239
-2.949589	0.963585
-2.939589	0.959747
-2.929589	0.955724
-2.919589	0.951519
-2.909589	0.947133
-2.899589	0.942569
-2.889589	0.937827
-2.879589	0.932911
-2.869589	0.927821
-2.859589	0.922560
-2.849589	0.917130
-2.839589	0.911533
-2.829589	0.905772
-2.819589	0.899848
-2.809589	0.893765
-2.799589	0.887524
-2.789589	0.881127
-2.779589	0.874579
-2.769589	0.867881
-2.759589	0.861035
-2.749589	0.854045
-2.739589	0.846914
-2.729589	0.839643
-2.719589	0.832237
-2.709589	0.824698
-2.699589	0.817029
-2.689590	0.809233
-2.679590	0.801314
-2.669590	0.793274
-2.659590	0.785117
-2.649590	0.776845
-2.639590	0.768463
-2.629590	0.759974
-2.619590	0.751381
-2.609590	0.742687
-2.599590	0.733896
-2.589590	0.725011
-2.579590	0.716037
-2.569590	0.706976
-2.559590	0.697832
-2.549590	0.688609
-2.539590	0.679311
-2.529590	0.669940
-2.519590	0.660502
-2.509590	0.651000
-2.499590	0.641438
-2.489590	0.631818
-2.479590	0.622146
-2.469590	0.612426
-2.459590	0.602660
-2.449590	0.592853
-2.439590	0.583009
-2.429590	0.573132
-2.419590	0.563226
-2.409590	0.553294
-2.399590	0.543341
-2.389590	0.533370
-2.379590	0.523387
-2.369590	0.513394
-2.359590	0.503395
-2.349590	0.493396
-2.339590	0.483398
-2.329590	0.473408
-2.319590	0.463428
-2.309590	0.453463
-2.299590	0.443516
-2.289590	0.433592
-2.279590	0.423695
-2.269590	0.413828
-2.259590	0.403995
-2.249590	0.394201
-2.239590	0.384450
-2.229590	0.374744
-2.219590	0.365089
-2.209590	0.355487
-2.199590	0.345943
-2.189590	0.336461
-2.179590	0.327045
-2.169590	0.317697
-2.159590	0.308423
-2.149590	0.299225
-2.139590	0.290107
-2.129590	0.281074
-2.119590	0.272128
-2.109590	0.263273
-2.099590	0.254512
-2.089590	0.245850
-2.079590	0.237290
-2.069590	0.228835
-2.059590	0.220488
-2.049590	0.212253
-2.039590	0.204133
-2.029590	0.196131
-2.019590	0.188251
-2.009590	0.180496
-1.999590	0.172868
-1.989590	0.165371
-1.979590	0.158009
-1.969590	0.150782
-1.959590	0.143696
-1.949590	0.136752
-1.939590	0.129954
-1.929590	0.123303
-1.919590	0.116803
-1.909590	0.110456
-1.899590	0.104266
-1.889590	0.098233
-1.879590	0.092361
-1.869590	0.086652
-1.859590	0.081109
-1.849590	0.075733
-1.839590	0.070527
-1.829590	0.065492
-1.819590	0.060632
-1.809590	0.055947
-1.799590	0.051440
-1.789590	0.047112
-1.779590	0.042965
-1.769590	0.039001
-1.759590	0.035222
-1.749590	0.031628
-1.739590	0.028222
-1.729590	0.025004
-1.719590	0.021977
-1.709590	0.019140
-1.699590	0.016496
-1.689590	0.014046
-1.679590	0.011790
-1.669590	0.009729
-1.659590	0.007864
-1.649590	0.006196
-1.639591	0.004725
-1.629591	0.003453
-1.619591	0.002379
-1.609591	0.001504
-1.599591	0.000829
-1.589591	0.000353
-1.579591	0.000077
-1.569591	0.000001
-1.559591	0.000126
-1.549591	0.000450
-1.539591	0.000973
-1.529591	0.001697
-1.519591	0.002620
-1.509591	0.003741
-1.499591	0.005062
-1.489591	0.006580
-1.479591	0.008295
-1.469591	0.010208
-1.459591	0.012316
-1.449591	0.014619
-1.439591	0.017116
-1.429591	0.019807
-1.419591	0.022689
-1.409591	0.025763
-1.399591	0.029026
-1.389591	0.032478
-1.379591	0.036116
-1.369591	0.039940
-1.359591	0.043948
-1.349591	0.048139
-1.339591	0.052510
-1.329591	0.057061
-1.319591	0.061788
-1.309591	0.066691
-1.299591	0.071767
-1.289591	0.077014
-1.279591	0.082431
-1.269591	0.088014
-1.259591	0.093762
-1.249591	0.099673
-1.239591	0.105744
-1.229591	0.111973
-1.219591	0.118357
-1.209591	0.124893
-1.199591	0.131580
-1.189591	0.138413
-1.179591	0.145392
-1.169591	0.152512
-1.159591	0.159772
-1.149591	0.167167
-1.139591	0.174696
-1.129591	0.182354
-1.119591	0.190140
-1.109591	0.198050
-1.099591	0.206080
-1.089591	0.214228
-1.079591	0.222491
-1.069591	0.230864
-1.059591	0.239345
-1.049591	0.247930
-1.039591	0.256616
-1.029591	0.265399
-1.019591	0.274277
-1.009591	0.283244
-0.999591	0.292298
-0.989591	0.301436
-0.979591	0.310652
-0.969591	0.319945
-0.959591	0.329309
-0.949591	0.338742
-0.939591	0.348239
-0.929591	0.357797
-0.919591	0.367412
-0.909591	0.377080
-0.899591	0.386797
-0.889591	0.396559
-0.879591	0.406363
-0.869591	0.416204
-0.859591	0.426079
-0.849591	0.435983
-0.839591	0.445913
-0.829591	0.455864
-0.819591	0.465834
-0.809591	0.475816
-0.799591	0.485809
-0.789591	0.495807
-0.779591	0.505807
-0.769591	0.515804
-0.759591	0.525795
-0.749591	0.535776
-0.739591	0.545743
-0.729591	0.555691
-0.719591	0.565617
-0.709591	0.575517
-0.699591	0.585386
-0.689591	0.595222
-0.679591	0.605019
-0.669591	0.614774
-0.659591	0.624483
-0.649591	0.634143
-0.639591	0.643749
-0.629591	0.653297
-0.619591	0.662784
-0.609591	0.672206
-0.599591	0.681560
-0.589592	0.690840
-0.579592	0.700044
-0.569592	0.709168
-0.559592	0.718209
-0.549592	0.727162
-0.539592	0.736024
-0.529592	0.744792
-0.519592	0.753462
-0.509592	0.762031
-0.499592	0.770495
-0.489592	0.778850
-0.479592	0.787094
-0.469592	0.795224
-0.459592	0.803235
-0.449592	0.811125
-0.439592	0.818890
-0.429592	0.826528
-0.419592	0.834035
-0.409592	0.841409
-0.399592	0.848646
-0.389592	0.855744
-0.379592	0.862699
-0.369592	0.869509
-0.359592	0.876172
-0.349592	0.882684
-0.339592	0.889043
-0.329592	0.895246
-0.319592	0.901292
-0.309592	0.907176
-0.299592	0.912898
-0.289592	0.918455
-0.279592	0.923844
-0.269592	0.929064
-0.259592	0.934112
-0.249592	0.938987
-0.239592	0.943686
-0.229592	0.948207
-0.219592	0.952550
-0.209592	0.956711
-0.199592	0.960689
-0.189592	0.964484
-0.179592	0.968092
-0.169592	0.971513
-0.159592	0.974746
-0.149592	0.977789
-0.139592	0.980640
-0.129592	0.983300
-0.119592	0.985766
-0.109592	0.988038
-0.099592	0.990114
-0.089592	0.991995
-0.079592	0.993679
-0.069592	0.995165
-0.059592	0.996453
-0.049592	0.997543
-0.039592	0.998433
-0.029592	0.999125
-0.019592	0.999616
-0.009592	0.999908
0.000408	1.000000
0.010408	0.999892
0.020408	0.999584
0.030408	0.999076
0.040408	0.998368
0.050408	0.997461
0.060408	0.996355
0.070408	0.995051
0.080408	0.993548
0.090408	0.991849
0.100408	0.989952
0.110408	0.987859
0.120408	0.985572
0.130408	0.983090
0.140408	0.980415
0.150408	0.977547
0.160408	0.974489
0.170408	0.971241
0.180408	0.967804
0.190408	0.964181
0.200408	0.960371
0.210408	0.956378
0.220408	0.952202
0.230408	0.947845
0.240408	0.943309
0.250408	0.938595
0.260408	0.933707
0.270408	0.928644
0.280408	0.923411
0.290408	0.918007
0.300408	0.912437
0.310408	0.906702
0.320408	0.900804
0.330408	0.894746
0.340408	0.888530
0.350408	0.882158
0.360408	0.875634
0.370408	0.868959
0.380408	0.862137
0.390408	0.855170
0.400408	0.848060
0.410408	0.840812
0.420408	0.833427
0.430408	0.825909
0.440408	0.818261
0.450408	0.810485
0.460408	0.802585
0.470408	0.794564
0.480408	0.786426
0.490408	0.778172
0.500408	0.769808
0.510408	0.761335
0.520408	0.752758
0.530408	0.744080
0.540408	0.735304
0.550408	0.726434
0.560408	0.717474
0.570408	0.708426
0.580408	0.699296
0.590408	0.690085
0.600408	0.680799
0.610408	0.671440
0.620408	0.662012
0.630408	0.652520
0.640408	0.642967
0.650408	0.633356
0.660408	0.623693
0.670408	0.613979
0.680408	0.604220
0.690408	0.594420
0.700408	0.584582
0.710408	0.574709
0.720408	0.564807
0.730408	0.554880
0.740408	0.544930
0.750408	0.534962
0.760408	0.524980
0.770408	0.514988
0.780408	0.504990
0.790408	0.494990
0.800408	0.484993
0.810408	0.475001
0.820408	0.465019
0.830408	0.455051
0.840408	0.445101
0.850408	0.435173
0.860408	0.425271
0.870408	0.415399
0.880408	0.405561
0.890408	0.395761
0.900408	0.386002
0.910408	0.376289
0.920408	0.366625
0.930408	0.357015
0.940408	0.347462
0.950408	0.337970
0.960408	0.328542
0.970408	0.319183
0.980408	0.309897
0.990408	0.300687
1.000408	0.291556
1.010408	0.282509
1.020408	0.273548
1.030408	0.264679
1.040408	0.255903
1.050408	0.247225
1.060408	0.238648
1.070408	0.230176
1.080408	0.221812
1.090407	0.213559
1.100407	0.205420
1.110407	0.197399
1.120407	0.189500
1.130407	0.181724
1.140407	0.174076
1.150407	0.166558
1.160407	0.159174
1.170407	0.151926
1.180407	0.144817
1.190407	0.137850
1.200407	0.131028
1.210407	0.124354
1.220407	0.117830
1.230407	0.111458
1.240407	0.105242
1.250407	0.099185
1.260407	0.093287
1.270407	0.087552
1.280407	0.081982
1.290407	0.076579
1.300407	0.071346
1.310407	0.066284
1.320407	0.061395
1.330407	0.056682
1.340407	0.052147
1.350407	0.047790
1.360407	0.043614
1.370407	0.039621
1.380407	0.035812
1.390407	0.032189
1.400407	0.028753
1.410407	0.025505
1.420407	0.022447
1.430407	0.019580
1.440407	0.016905
1.450407	0.014424
1.460407	0.012136
1.470407	0.010044
1.480407	0.008148
1.490407	0.006449
1.500407	0.004946
1.510407	0.003642
1.520407	0.002537
1.530407	0.001630
1.540407	0.000923
1.550407	0.000416
1.560407	0.000108
1.570407	0.000000
1.580407	0.000092
1.590407	0.000385
1.600407	0.000877
1.610407	0.001568
1.620407	0.002459
1.630407	0.003549
1.640407	0.004838
1.650407	0.006324
1.660407	0.008009
1.670407	0.009890
1.680407	0.011966
1.690407	0.014239
1.700407	0.016705
1.710407	0.019365
1.720407	0.022217
1.730407	0.025260
1.740407	0.028493
1.750407	0.031915
1.760407	0.035523
1.770407	0.039318
1.780407	0.043297
1.790407	0.047458
1.800407	0.051801
1.810407	0.056323
1.820407	0.061022
1.830407	0.065897
1.840407	0.070946
1.850407	0.076166
1.860407	0.081555
1.870407	0.087112
1.880407	0.092835
1.890407	0.098720
1.900407	0.104765
1.910407	0.110969
1.920407	0.117328
1.930407	0.123840
1.940407	0.130503
1.950407	0.137314
1.960407	0.144269
1.970407	0.151367
1.980407	0.158605
1.990407	0.165979
2.000407	0.173486
2.010407	0.181124
2.020407	0.188890
2.030407	0.196780
2.040407	0.204791
2.050407	0.212921
2.060407	0.221165
2.070407	0.229521
2.080407	0.237985
2.090407	0.246554
2.100407	0.255224
2.110407	0.263992
2.120407	0.272855
2.130407	0.281808
2.140407	0.290849
2.150407	0.299973
2.160407	0.309177
2.170407	0.318458
2.180407	0.327811
2.190407	0.337233
2.200407	0.346720
2.210407	0.356269
2.220407	0.365875
2.230407	0.375535
2.240407	0.385244
2.250407	0.395000
2.260406	0.404797
2.270406	0.414632
2.280406	0.424502
2.290406	0.434402
2.300406	0.444328
2.310406	0.454276
2.320406	0.464242
2.330406	0.474223
2.340406	0.484215
2.350406	0.494212
2.360406	0.504212
2.370406	0.514210
2.380406	0.524202
2.390406	0.534185
2.400406	0.544154
2.410406	0.554106
2.420406	0.564035
2.430406	0.573940
2.440406	0.583814
2.450406	0.593655
2.460406	0.603459
2.470406	0.613221
2.480406	0.622938
2.490406	0.632606
2.500406	0.642221
2.510406	0.651778
2.520406	0.661276
2.530406	0.670708
2.540406	0.680073
2.550406	0.689365
2.560406	0.698581
2.570406	0.707719
2.580406	0.716773
2.590406	0.725740
2.600406	0.734617
2.610406	0.743400
2.620406	0.752086
2.630406	0.760671
2.640406	0.769152
2.650406	0.777525
2.660406	0.785787
2.670406	0.793935
2.680406	0.801965
2.690406	0.809875
2.700406	0.817660
2.710406	0.825319
2.720406	0.832847
2.730406	0.840242
2.740406	0.847501
2.750406	0.854621
2.760406	0.861600
2.770406	0.868433
2.780406	0.875119
2.790406	0.881656
2.800406	0.888039
2.810406	0.894267
2.820406	0.900338
2.830406	0.906249
2.840406	0.911997
2.850406	0.917580
2.860406	0.922996
2.870406	0.928243
2.880406	0.933319
2.890406	0.938221
2.900406	0.942948
2.910406	0.947498
2.920406	0.951869
2.930406	0.956059
2.940406	0.960067
2.950406	0.963891
2.960406	0.967529
2.970406	0.970980
2.980406	0.974243
2.990406	0.977316
3.000406	0.980198
3.010406	0.982889
3.020406	0.985385
3.030406	0.987688
3.040406	0.989796
3.050406	0.991708
3.060406	0.993423
3.070406	0.994941
3.080406	0.996261
3.090406	0.997382
3.100406	0.998305
3.110406	0.999028
3.120406	0.999551
3.130406	0.999875
3.140406	0.999999
3.150406	0.999922
3.160406	0.999646
3.170406	0.999170
3.180406	0.998494
3.190406	0.997619
3.200406	0.996545
3.210406	0.995272
3.220406	0.993801
3.230406	0.992133
3.240406	0.990268
3.250406	0.988206
3.260406	0.985950
3.270406	0.983499
3.280406	0.980854
3.290406	0.978018
3.300406	0.974990
3.310405	0.971772
3.320405	0.968365
3.330405	0.964771
3.340405	0.960992
3.350405	0.957027
3.360405	0.952880
3.370405	0.948552
3.380405	0.944044
3.390405	0.939359
3.400405	0.934498
3.410405	0.929464
3.420405	0.924257
3.430405	0.918881
3.440405	0.913337
3.450405	0.907628
3.460405	0.901756
3.470405	0.895723
3.480405	0.889532
3.490405	0.883185
3.500405	0.876685
3.510405	0.870034
3.520405	0.863235
3.530405	0.856291
3.540405	0.849204
3.550405	0.841978
3.560405	0.834615
3.570405	0.827118
3.580405	0.819490
3.590405	0.811734
3.600405	0.803854
3.610405	0.795852
3.620405	0.787732
3.630405	0.779497
3.640405	0.771150
3.650405	0.762694
3.660405	0.754134
3.670405	0.745471
3.680405	0.736711
3.690405	0.727856
3.700405	0.718910
3.710405	0.709876
3.720405	0.700758
3.730405	0.691560
3.740405	0.682285
3.750405	0.672938
3.760405	0.663521
3.770405	0.654039
3.780405	0.644495
3.790405	0.634893
3.800405	0.625238
3.810405	0.615532
3.820405	0.605780
3.830405	0.595986
3.840405	0.586154
3.850405	0.576287
3.860405	0.566389
3.870405	0.556465
3.880405	0.546519
3.890405	0.536553
3.900405	0.526573
3.910405	0.516583
3.920405	0.506586
3.930405	0.496586
3.940405	0.486588
3.950405	0.476594
3.960405	0.466611
3.970405	0.456640
3.980405	0.446687
3.990405	0.436756
4.000405	0.426849
4.010405	0.416972
4.020405	0.407128
4.030406	0.397321
4.040406	0.387555
4.050406	0.377834
4.060406	0.368162
4.070406	0.358543
4.080407	0.348980
4.090407	0.339478
4.100407	0.330040
4.110407	0.320670
4.120408	0.311371
4.130408	0.302148
4.140408	0.293004
4.150408	0.283943
4.160408	0.274969
4.170409	0.266084
4.180409	0.257293
4.190409	0.248599
4.200409	0.240006
4.210410	0.231517
4.220410	0.223135
4.230410	0.214863
4.240410	0.206706
4.250411	0.198666
4.260411	0.190747
4.270411	0.182951
4.280411	0.175283
4.290411	0.167744
4.300412	0.160338
4.310412	0.153068
4.320412	0.145936
4.330412	0.138947
4.340413	0.132101
4.350413	0.125403
4.360413	0.118855
4.370413	0.112459
4.380414	0.106218
4.390414	0.100135
4.400414	0.094211
4.410414	0.088450
4.420414	0.082854
4.430415	0.077424
4.440415	0.072164
4.450415	0.067075
4.460415	0.062158
4.470416	0.057417
4.480416	0.052853
4.490416	0.048468
4.500416	0.044263
4.510417	0.040241
4.520417	0.036403
4.530417	0.032750
4.540417	0.029284
4.550417	0.026006
4.560418	0.022918
4.570418	0.020021
4.580418	0.017315
4.590418	0.014803
4.600419	0.012485
4.610419	0.010362
4.620419	0.008435
4.630419	0.006704
4.640419	0.005171
4.650420	0.003835
4.660420	0.002698
4.670420	0.001760
4.680420	0.001022
4.690421	0.000483
4.700421	0.000143
4.710421	0.000004
4.720421	0.000065
4.730422	0.000325
4.740422	0.000786
4.750422	0.001446
4.760422	0.002305
4.770422	0.003364
4.780423	0.004621
4.790423	0.006077
4.800423	0.007730
4.810423	0.009580
4.820424	0.011626
4.830424	0.013868
4.840424	0.016304
4.850424	0.018933
4.860425	0.021755
4.870425	0.024768
4.880425	0.027971
4.890425	0.031363
4.900425	0.034943
4.910426	0.038709
4.920426	0.042659
4.930426	0.046792
4.940426	0.051106
4.950427	0.055600
4.960427	0.060271
4.970427	0.065119
4.980427	0.070140
4.990427	0.075334
5.000428	0.080697
5.010428	0.086228
5.020428	0.091925
5.030428	0.097784
5.040429	0.103805
5.050429	0.109984
5.060429	0.116319
5.070429	0.122808
5.080430	0.129447
5.090430	0.136235
5.100430	0.143168
5.110430	0.150244
5.120430	0.157460
5.130431	0.164813
5.140431	0.172300
5.150431	0.179918
5.160431	0.187664
5.170432	0.195535
5.180432	0.203528
5.190432	0.211639
5.200432	0.219866
5.210433	0.228205
5.220433	0.236652
5.230433	0.245205
5.240433	0.253860
5.250433	0.262613
5.260434	0.271461
5.270434	0.280401
5.280434	0.289428
5.290434	0.298540
5.300435	0.307732
5.310435	0.317001
5.320435	0.326344
5.330435	0.335755
5.340436	0.345233
5.350436	0.354772
5.360436	0.364370
5.370436	0.374022
5.380436	0.383724
5.390437	0.393472
5.400437	0.403264
5.410437	0.413094
5.420437	0.422958
5.430438	0.432854
5.440438	0.442776
5.450438	0.452722
5.460438	0.462686
5.470438	0.472665
5.480439	0.482655
5.490439	0.492652
5.500439	0.502652
5.510439	0.512651
5.520440	0.522645
5.530440	0.532629
5.540440	0.542601
5.550440	0.552556
5.560441	0.562490
5.570441	0.572398
5.580441	0.582278
5.590441	0.592125
5.600441	0.601935
5.610442	0.611704
5.620442	0.621428
5.630442	0.631104
5.640442	0.640728
5.650443	0.650295
5.660443	0.659802
5.670443	0.669245
5.680443	0.678621
5.690444	0.687925
5.700444	0.697153
5.710444	0.706303
5.720444	0.715371
5.730444	0.724352
5.740445	0.733244
5.750445	0.742042
5.760445	0.750743
5.770445	0.759344
5.780446	0.767842
5.790446	0.776232
5.800446	0.784512
5.810446	0.792678
5.820446	0.800727
5.830447	0.808655
5.840447	0.816460
5.850447	0.824139
5.860447	0.831688
5.870448	0.839104
5.880448	0.846384
5.890448	0.853526
5.900448	0.860527
5.910449	0.867383
5.920449	0.874093
5.930449	0.880653
5.940449	0.887060
5.950449	0.893313
5.960450	0.899408
5.970450	0.905344
5.980450	0.911117
5.990450	0.916726
6.000451	0.922169
6.010451	0.927442
6.020451	0.932545
6.030451	0.937474
6.040452	0.942228
6.050452	0.946806
6.060452	0.951205
6.070452	0.955423
6.080452	0.959459
6.090453	0.963312
6.100453	0.966979
6.110453	0.970459
6.120453	0.973751
6.130454	0.976854
6.140454	0.979766
6.150454	0.982486
6.160454	0.985013
6.170455	0.987346
6.180455	0.989483
6.190455	0.991426
6.200455	0.993171
6.210455	0.994720
6.220456	0.996070
6.230456	0.997222
6.240456	0.998175
6.250456	0.998929
6.260457	0.999483
6.270457	0.999838
6.280457	0.999993
6.290457	0.999947
6.300457	0.999702
6.310458	0.999256
6.320458	0.998611
6.330458	0.997767
6.340458	0.996723
6.350459	0.995481
6.360459	0.994041
6.370459	0.992403
6.380459	0.990568
6.390460	0.988536
6.400460	0.986310
6.410460	0.983888
6.420460	0.981274
6.430460	0.978466
6.440461	0.975468
6.450461	0.972279
6.460461	0.968901
6.470461	0.965336
6.480462	0.961584
6.490462	0.957648
6.500462	0.953529
6.510462	0.949228
6.520463	0.944748
6.530463	0.940090
6.540463	0.935256
6.550463	0.930247
6.560463	0.925067
6.570464	0.919717
6.580464	0.914198
6.590464	0.908514
6.600464	0.902667
6.610465	0.896658
6.620465	0.890491
6.630465	0.884168
6.640465	0.877691
6.650465	0.871063
6.660466	0.864286
6.670466	0.857364
6.680466	0.850299
6.690466	0.843093
6.700467	0.835751
6.710467	0.828274
6.720467	0.820666
6.730467	0.812929
6.740468	0.805068
6.750468	0.797084
6.760468	0.788982
6.770468	0.780764
6.780468	0.772433
6.790469	0.763994
6.800469	0.755449
6.810469	0.746802
6.820469	0.738056
6.830470	0.729215
6.840470	0.720282
6.850470	0.711261
6.860470	0.702156
6.870471	0.692970
6.880471	0.683706
6.890471	0.674369
6.900471	0.664963
6.910471	0.655490
6.920472	0.645955
6.930472	0.636362
6.940472	0.626714
6.950472	0.617016
6.960473	0.607270
6.970473	0.597482
6.980473	0.587655
6.990473	0.577793
7.000473	0.567900
7.010474	0.557979
7.020474	0.548035
7.030474	0.538072
7.040474	0.528094
7.050475	0.518105
7.060475	0.508108
7.070475	0.498108
7.080475	0.488109
7.090476	0.478115
7.100476	0.468129
7.110476	0.458156
7.120476	0.448200
7.130476	0.438265
7.140477	0.428354
7.150477	0.418472
7.160477	0.408623
7.170477	0.398810
7.180478	0.389037
7.190478	0.379309
7.200478	0.369630
7.210478	0.360002
7.220479	0.350431
7.230479	0.340919
7.240479	0.331471
7.250479	0.322090
7.260479	0.312780
7.270480	0.303546
7.280480	0.294390
7.290480	0.285316
7.300480	0.276328
7.310481	0.267429
7.320481	0.258624
7.330481	0.249915
7.340481	0.241306
7.350482	0.232801
7.360482	0.224402
7.370482	0.216114
7.380482	0.207939
7.390482	0.199881
7.400483	0.191943
7.410483	0.184129
7.420483	0.176441
7.430483	0.168882
7.440484	0.161455
7.450484	0.154164
7.460484	0.147012
7.470484	0.140000
7.480484	0.133133
7.490485	0.126412
7.500485	0.119841
7.510485	0.113422
7.520485	0.107157
7.530486	0.101050
7.540486	0.095102
7.550486	0.089316
7.560486	0.083694
7.570487	0.078239
7.580487	0.072953
7.590487	0.067837
7.600487	0.062895
7.610487	0.058127
7.620488	0.053536
7.630488	0.049123
7.640488	0.044891
7.650488	0.040841
7.660489	0.036975
7.670489	0.033293
7.680489	0.029799
7.690489	0.026492
7.700490	0.023375
7.710490	0.020449
7.720490	0.017714
7.730490	0.015173
7.740490	0.012825
7.750491	0.010672
7.760491	0.008715
7.770491	0.006954
7.780491	0.005391
7.790492	0.004026
7.800492	0.002858
7.810492	0.001890
7.820492	0.001121
7.830492	0.000552
7.840493	0.000182
7.850493	0.000012
7.860493	0.000042
7.870493	0.000273
7.880494	0.000703
7.890494	0.001333
7.900494	0.002162
7.910494	0.003190
7.920495	0.004417
7.930495	0.005843
7.940495	0.007466
7.950495	0.009286
7.960495	0.011302
7.970496	0.013514
7.980496	0.015921
7.990496	0.018521
8.000496	0.021313
8.010496	0.024297
8.020496	0.027472
8.030497	0.030835
8.040497	0.034386
8.050497	0.038124
8.060497	0.042046
8.070498	0.046151
8.080498	0.050438
8.090498	0.054905
8.100498	0.059549
8.110498	0.064370
8.120499	0.069365
8.130499	0.074533
8.140499	0.079870
8.150499	0.085376
8.160500	0.091047
8.170500	0.096883
8.180500	0.102879
8.190500	0.109034
8.200500	0.115346
8.210501	0.121811
8.220501	0.128428
8.230501	0.135193
8.240501	0.142104
8.250502	0.149159
8.260502	0.156353
8.270502	0.163686
8.280502	0.171152
8.290503	0.178751
8.300503	0.186477
8.310503	0.194330
8.320503	0.202304
8.330503	0.210398
8.340504	0.218607
8.350504	0.226929
8.360504	0.235360
8.370504	0.243897
8.380505	0.252537
8.390505	0.261275
8.400505	0.270109
8.410505	0.279035
8.420506	0.288049
8.430506	0.297148
8.440506	0.306329
8.450506	0.315586
8.460506	0.324918
8.470507	0.334319
8.480507	0.343787
8.490507	0.353317
8.500507	0.362906
8.510508	0.372550
8.520508	0.382245
8.530508	0.391987
8.540508	0.401772
8.550508	0.411596
8.560509	0.421456
8.570509	0.431347
8.580509	0.441265
8.590509	0.451207
8.600510	0.461169
8.610510	0.471146
8.620510	0.481135
8.630510	0.491131
8.640511	0.501131
8.650511	0.511130
8.660511	0.521125
8.670511	0.531111
8.680511	0.541085
8.690512	0.551043
8.700512	0.560980
8.710512	0.570893
8.720512	0.580777
8.730513	0.590629
8.740513	0.600445
8.750513	0.610220
8.760513	0.619952
8.770514	0.629636
8.780514	0.639267
8.790514	0.648843
8.800514	0.658360
8.810514	0.667813
8.820515	0.677199
8.830515	0.686514
8.840515	0.695754
8.850515	0.704917
8.860516	0.713997
8.870516	0.722991
8.880516	0.731897
8.890516	0.740709
8.900517	0.749426
8.910517	0.758043
8.920517	0.766556
8.930517	0.774963
8.940517	0.783259
8.950518	0.791443
8.960518	0.799510
8.970518	0.807457
8.980518	0.815281
8.990519	0.822979
9.000519	0.830548
9.010519	0.837984
9.020519	0.845286
9.030519	0.852449
9.040520	0.859471
9.050520	0.866350
9.060520	0.873082
9.070520	0.879664
9.080521	0.886095
9.090521	0.892372
9.100521	0.898491
9.110521	0.904451
9.120522	0.910250
9.130522	0.915884
9.140522	0.921352
9.150522	0.926651
9.160522	0.931779
9.170523	0.936735
9.180523	0.941517
9.190523	0.946121
9.200523	0.950547
9.210524	0.954793
9.220524	0.958857
9.230524	0.962738
9.240524	0.966433
9.250525	0.969942
9.260525	0.973263
9.270525	0.976394
9.280525	0.979335
9.290525	0.982084
9.300526	0.984641
9.310526	0.987003
9.320526	0.989171
9.330526	0.991143
9.340527	0.992918
9.350527	0.994497
9.360527	0.995878
9.370527	0.997060
9.380527	0.998043
9.390528	0.998827
9.400528	0.999412
9.410528	0.999797
9.420528	0.999982
9.430529	0.999967
9.440529	0.999752
9.450529	0.999337
9.460529	0.998722
9.470530	0.997908
9.480530	0.996895
9.490530	0.995683
9.500530	0.994273
9.510530	0.992665
9.520531	0.990859
9.530531	0.988858
9.540531	0.986661
9.550531	0.984269
9.560532	0.981684
9.570532	0.978906
9.580532	0.975936
9.590532	0.972776
9.600533	0.969427
9.610533	0.965890
9.620533	0.962167
9.630533	0.958259
9.640533	0.954167
9.650534	0.949894
9.660534	0.945441
9.670534	0.940810
9.680534	0.936002
9.690535	0.931021
9.700535	0.925866
9.710535	0.920541
9.720535	0.915049
9.730536	0.909390
9.740536	0.903567
9.750536	0.897583
9.760536	0.891440
9.770536	0.885140
9.780537	0.878686
9.790537	0.872081
9.800537	0.865327
9.810537	0.858426
9.820538	0.851383
9.830538	0.844198
9.840538	0.836877
9.850538	0.829420
9.860538	0.821832
9.870539	0.814115
9.880539	0.806272
9.890539	0.798306
9.900539	0.790222
9.910540	0.782021
9.920540	0.773708
9.930540	0.765285
9.940540	0.756756
9.950541	0.748124
9.960541	0.739393
9.970541	0.730566
9.980541	0.721647
9.990541	0.712639
10.000542	0.703546
10.010542	0.694372
10.020542	0.685120
10.030542	0.675794
10.040543	0.666398
10.050543	0.656935
10.060543	0.647409
10.070543	0.637825
10.080544	0.628185
10.090544	0.618494
10.100544	0.608756
10.110544	0.598974
10.120544	0.589152
10.130545	0.579295
10.140545	0.569406
10.150545	0.559490
10.160545	0.549549
10.170546	0.539589
10.180546	0.529613
10.190546	0.519625
10.200546	0.509629
10.210546	0.499630
10.220547	0.489630
10.230547	0.479635
10.240547	0.469648
10.250547	0.459673
10.260548	0.449714
10.270548	0.439775
10.280548	0.429860
10.290548	0.419973
10.300549	0.410119
10.310549	0.400300
10.320549	0.390521
10.330549	0.380786
10.340549	0.371099
10.350550	0.361463
10.360550	0.351883
10.370550	0.342362
10.380550	0.332904
10.390551	0.323512
10.400551	0.314192
10.410551	0.304946
10.420551	0.295777
10.430552	0.286691
10.440552	0.277689
10.450552	0.268777
10.460552	0.259957
10.470552	0.251233
10.480553	0.242609
10.490553	0.234088
10.500553	0.225673
10.510553	0.217368
10.520554	0.209175
10.530554	0.201099
10.540554	0.193143
10.550554	0.185310
10.560555	0.177602
10.570555	0.170023
10.580555	0.162576
10.590555	0.155265
10.600555	0.148091
10.610556	0.141058
10.620556	0.134168
10.630556	0.127425
10.640556	0.120831
10.650557	0.114388
10.660557	0.108100
10.670557	0.101969
10.680557	0.095996
10.690557	0.090186
10.700558	0.084539
10.710558	0.079058
10.720558	0.073746
10.730558	0.068604
10.740559	0.063635
10.750559	0.058841
10.760559	0.054223
10.770559	0.049783
10.780560	0.045523
10.790560	0.041445
10.800560	0.037551
10.810560	0.033841
10.820560	0.030318
10.830561	0.026983
10.840561	0.023837
10.850561	0.020882
10.860561	0.018118
10.870562	0.015547
10.880562	0.013170
10.890562	0.010987
10.900562	0.009000
10.910563	0.007210
10.920563	0.005616
10.930563	0.004221
10.940563	0.003023
10.950563	0.002025
10.960564	0.001225
10.970564	0.000625
10.980564	0.000225
10.990564	0.000025
11.000565	0.000025
11.010565	0.000225
11.020565	0.000624
11.030565	0.001224
11.040565	0.002023
11.050566	0.003021
11.060566	0.004218
11.070566	0.005613
11.080566	0.007206
11.090567	0.008996
11.100567	0.010983
11.110567	0.013165
11.120567	0.015542
11.130568	0.018113
11.140568	0.020876
11.150568	0.023831
11.160568	0.026977
11.170568	0.030312
11.180569	0.033834
11.190569	0.037543
11.200569	0.041438
11.210569	0.045515
11.220570	0.049774
11.230570	0.054214
11.240570	0.058832
11.250570	0.063626
11.260571	0.068595
11.270571	0.073736
11.280571	0.079048
11.290571	0.084528
11.300571	0.090174
11.310572	0.095985
11.320572	0.101957
11.330572	0.108088
11.340572	0.114376
11.350573	0.120818
11.360573	0.127412
11.370573	0.134155
11.380573	0.141044
11.390574	0.148077
11.400574	0.155250
11.410574	0.162562
11.420574	0.170008
11.430574	0.177587
11.440575	0.185294
11.450575	0.193128
11.460575	0.201084
11.470575	0.209159
11.480576	0.217351
11.490576	0.225656
11.500576	0.234071
11.510576	0.242592
11.520576	0.251216
11.530577	0.259940
11.540577	0.268760
11.550577	0.277672
11.560577	0.286673
11.570578	0.295759
11.580578	0.304927
11.590578	0.314174
11.600578	0.323494
11.610579	0.332885
11.620579	0.342343
11.630579	0.351864
11.640579	0.361444
11.650579	0.371080
11.660580	0.380767
11.670580	0.390502
11.680580	0.400281
11.690580	0.410100
11.700581	0.419954
11.710581	0.429841
11.720581	0.439755
11.730581	0.449694
11.740582	0.459653
11.750582	0.469628
11.760582	0.479615
11.770582	0.489610
11.780582	0.499610
11.790583	0.509610
11.800583	0.519605
11.810583	0.529593
11.820583	0.539569
11.830584	0.549530
11.840584	0.559470
11.850584	0.569387
11.860584	0.579276
11.870584	0.589133
11.880585	0.598955
11.890585	0.608737
11.900585	0.618475
11.910585	0.628166
11.920586	0.637806
11.930586	0.647391
11.940586	0.656916
11.950586	0.666379
11.960587	0.675776
11.970587	0.685102
11.980587	0.694354
11.990587	0.703528
12.000587	0.712621
12.010588	0.721629
12.020588	0.730548
12.030588	0.739375
12.040588	0.748107
12.050589	0.756739
12.060589	0.765268
12.070589	0.773691
12.080589	0.782005
12.090590	0.790206
12.100590	0.798291
12.110590	0.806256
12.120590	0.814099
12.130590	0.821817
12.140591	0.829405
12.150591	0.836862
12.160591	0.844184
12.170591	0.851369
12.180592	0.858413
12.190592	0.865313
12.200592	0.872068
12.210592	0.878673
12.220592	0.885127
12.230593	0.891427
12.240593	0.897571
12.250593	0.903555
12.260593	0.909378
12.270594	0.915038
12.280594	0.920531
12.290594	0.925856
12.300594	0.931011
12.310595	0.935993
12.320595	0.940801
12.330595	0.945432
12.340595	0.949886
12.350595	0.954159
12.360596	0.958251
12.370596	0.962159
12.380596	0.965883
12.390596	0.969420
12.400597	0.972770
12.410597	0.975930
12.420597	0.978900
12.430597	0.981679
12.440598	0.984264
12.450598	0.986656
12.460598	0.988854
12.470598	0.990856
12.480598	0.992661
12.490599	0.994270
12.500599	0.995680
12.510599	0.996893
12.520599	0.997906
12.530600	0.998721
12.540600	0.999336
12.550600	0.999751
12.560600	0.999967
12.570601	0.999982
12.580601	0.999798
12.590601	0.999413
12.600601	0.998829
12.610601	0.998045
12.620602	0.997062
12.630602	0.995880
12.640602	0.994500
12.650602	0.992922
12.660603	0.991147
12.670603	0.989175
12.680603	0.987008
12.690603	0.984645
12.700603	0.982090
12.710604	0.979341
12.720604	0.976400
12.730604	0.973269
12.740604	0.969949
12.750605	0.966440
12.760605	0.962745
12.770605	0.958865
12.780605	0.954801
12.790606	0.950556
12.800606	0.946130
12.810606	0.941526
12.820606	0.936745
12.830606	0.931789
12.840607	0.926661
12.850607	0.921362
12.860607	0.915895
12.870607	0.910261
12.880608	0.904463
12.890608	0.898503
12.900608	0.892384
12.910608	0.886108
12.920609	0.879677
12.930609	0.873095
12.940609	0.866363
12.950609	0.859485
12.960609	0.852463
12.970610	0.845300
12.980610	0.837999
12.990610	0.830563
13.000610	0.822994
13.010611	0.815296
13.020611	0.807472
13.030611	0.799526
13.040611	0.791459
13.050611	0.783276
13.060612	0.774979
13.070612	0.766573
13.080612	0.758059
13.090612	0.749443
13.100613	0.740727
13.110613	0.731914
13.120613	0.723009
13.130613	0.714015
13.140614	0.704934
13.150614	0.695772
13.160614	0.686532
13.170614	0.677217
13.180614	0.667831
13.190615	0.658378
13.200615	0.648862
13.210615	0.639286
13.220615	0.629655
13.230616	0.619971
13.240616	0.610240
13.250616	0.600464
13.260616	0.590648
13.270617	0.580796
13.280617	0.570912
13.290617	0.560999
13.300617	0.551062
13.310617	0.541105
13.320618	0.531131
13.330618	0.521145
13.340618	0.511150
13.350618	0.501150
13.360619	0.491151
13.370619	0.481154
13.380619	0.471166
13.390619	0.461189
13.400620	0.451227
13.410620	0.441285
13.420620	0.431366
13.430620	0.421475
13.440620	0.411615
13.450621	0.401791
13.460621	0.392006
13.470621	0.382264
13.480621	0.372569
13.490622	0.362925
13.500622	0.353336
13.510622	0.343806
13.520622	0.334338
13.530622	0.324936
13.540623	0.315605
13.550623	0.306347
13.560623	0.297166
13.570623	0.288067
13.580624	0.279053
13.590624	0.270127
13.600624	0.261292
13.610624	0.252554
13.620625	0.243914
13.630625	0.235377
13.640625	0.226945
13.650625	0.218623
13.660625	0.210414
13.670626	0.202320
13.680626	0.194345
13.690626	0.186493
13.700626	0.178766
13.710627	0.171167
13.720627	0.163700
13.730627	0.156368
13.740627	0.149173
13.750628	0.142118
13.760628	0.135206
13.770628	0.128441
13.780628	0.121824
13.790628	0.115358
13.800629	0.109046
13.810629	0.102891
13.820629	0.096894
13.830629	0.091059
13.840630	0.085387
13.850630	0.079881
13.860630	0.074543
13.870630	0.069375
13.880630	0.064380
13.890631	0.059559
13.900631	0.054914
13.910631	0.050447
13.920631	0.046159
13.930632	0.042054
13.940632	0.038131
13.950632	0.034394
13.960632	0.030842
13.970633	0.027478
13.980633	0.024303
13.990633	0.021319
14.000633	0.018526
14.010633	0.015925
14.020634	0.013519
14.030634	0.011306
14.040634	0.009290
14.050634	0.007469
14.060635	0.005846
14.070635	0.004420
14.080635	0.003192
14.090635	0.002164
14.100636	0.001334
14.110636	0.000704
14.120636	0.000273
14.130636	0.000043
14.140636	0.000012
14.150637	0.000181
14.160637	0.000551
14.170637	0.001120
14.180637	0.001888
14.190638	0.002856
14.200638	0.004023
14.210638	0.005388
14.220638	0.006951
14.230639	0.008712
14.240639	0.010668
14.250639	0.012821
14.260639	0.015168
14.270639	0.017709
14.280640	0.020444
14.290640	0.023370
14.300640	0.026486
14.310640	0.029792
14.320641	0.033287
14.330641	0.036967
14.340641	0.040833
14.350641	0.044883
14.360641	0.049115
14.370642	0.053527
14.380642	0.058118
14.390642	0.062885
14.400642	0.067828
14.410643	0.072943
14.420643	0.078229
14.430643	0.083684
14.440643	0.089305
14.450644	0.095091
14.460644	0.101038
14.470644	0.107145
14.480644	0.113410
14.490644	0.119828
14.500645	0.126399
14.510645	0.133120
14.520645	0.139987
14.530645	0.146998
14.540646	0.154150
14.550646	0.161441
14.560646	0.168867
14.570646	0.176426
14.580647	0.184114
14.590647	0.191928
14.600647	0.199866
14.610647	0.207924
14.620647	0.216098
14.630648	0.224386
14.640648	0.232784
14.650648	0.241290
14.660648	0.249898
14.670649	0.258607
14.680649	0.267412
14.690649	0.276311
14.700649	0.285298
14.710649	0.294372
14.720650	0.303528
14.730650	0.312763
14.740650	0.322072
14.750650	0.331453
14.760651	0.340901
14.770651	0.350412
14.780651	0.359984
14.790651	0.369611
14.800652	0.379291
14.810652	0.389019
14.820652	0.398791
14.830652	0.408604
14.840652	0.418453
14.850653	0.428335
14.860653	0.438246
14.870653	0.448181
14.880653	0.458137
14.890654	0.468110
14.900654	0.478096
14.910654	0.488090
14.920654	0.498089
14.930655	0.508089
14.940655	0.518086
14.950655	0.528075
14.960655	0.538053
14.970655	0.548016
14.980656	0.557960
14.990656	0.567881
15.000656	0.577774
15.010656	0.587636
15.020657	0.597463
15.030657	0.607252
15.040657	0.616997
15.050657	0.626696
15.060658	0.636344
15.070658	0.645937
15.080658	0.655472
15.090658	0.664945
15.100658	0.674351
15.110659	0.683688
15.120659	0.692952
15.130659	0.702138
15.140659	0.711244
15.150660	0.720265
15.160660	0.729198
15.170660	0.738039
15.180660	0.746785
15.190660	0.755433
15.200661	0.763978
15.210661	0.772417
15.220661	0.780748
15.230661	0.788966
15.240662	0.797069
15.250662	0.805053
15.260662	0.812914
15.270662	0.820651
15.280663	0.828260
15.290663	0.835737
15.300663	0.843080
15.310663	0.850285
15.320663	0.857351
15.330664	0.864273
15.340664	0.871050
15.350664	0.877678
15.360664	0.884156
15.370665	0.890479
15.380665	0.896647
15.390665	0.902655
15.400665	0.908503
15.410666	0.914188
15.420666	0.919706
15.430666	0.925057
15.440666	0.930238
15.450666	0.935246
15.460667	0.940081
15.470667	0.944739
15.480667	0.949220
15.490667	0.953521
15.500668	0.957640
15.510668	0.961577
15.520668	0.965329
15.530668	0.968894
15.540668	0.972273
15.550669	0.975462
15.560669	0.978461
15.570669	0.981268
15.580669	0.983884
15.590670	0.986305
15.600670	0.988532
15.610670	0.990564
15.620670	0.992399
15.630671	0.994038
15.640671	0.995479
15.650671	0.996721
15.660671	0.997765
15.670671	0.998610
15.680672	0.999255
15.690672	0.999701
15.700672	0.999947
15.710672	0.999993
15.720673	0.999838
15.730673	0.999484
15.740673	0.998930
15.750673	0.998177
15.760674	0.997224
15.770674	0.996073
15.780674	0.994722
15.790674	0.993174
15.800674	0.991429
15.810675	0.989487
15.820675	0.987350
15.830675	0.985017
15.840675	0.982491
15.850676	0.979771
15.860676	0.976860
15.870676	0.973757
15.880676	0.970466
15.890676	0.966986
15.900677	0.963319
15.910677	0.959467
15.920677	0.955431
15.930677	0.951213
15.940678	0.946815
15.950678	0.942237
15.960678	0.937483
15.970678	0.932554
15.980679	0.927452
15.990679	0.922179
16.000679	0.916737
16.010679	0.911128
16.020679	0.905355
16.030680	0.899420
16.040680	0.893325
16.050680	0.887072
16.060680	0.880665
16.070681	0.874106
16.080681	0.867396
16.090681	0.860540
16.100681	0.853540
16.110682	0.846398
16.120682	0.839118
16.130682	0.831702
16.140682	0.824153
16.150682	0.816475
16.160683	0.808670
16.170683	0.800742
16.180683	0.792693
16.190683	0.784527
16.200684	0.776248
16.210684	0.767858
16.220684	0.759361
16.230684	0.750760
16.240685	0.742059
16.250685	0.733260
16.260685	0.724369
16.270685	0.715388
16.280685	0.706321
16.290686	0.697171
16.300686	0.687942
16.310686	0.678638
16.320686	0.669263
16.330687	0.659820
16.340687	0.650313
16.350687	0.640746
16.360687	0.631123
16.370687	0.621447
16.380688	0.611723
16.390688	0.601953
16.400688	0.592144
16.410688	0.582297
16.420689	0.572417
16.430689	0.562509
16.440689	0.552575
16.450689	0.542620
16.460690	0.532649
16.470690	0.522664
16.480690	0.512670
16.490690	0.502671
16.500690	0.492671
16.510691	0.482674
16.520691	0.472684
16.530691	0.462705
16.540691	0.452741
16.550692	0.442795
16.560692	0.432873
16.570692	0.422977
16.580692	0.413112
16.590693	0.403282
16.600693	0.393491
16.610693	0.383742
16.620693	0.374040
16.630693	0.364388
16.640694	0.354791
16.650694	0.345251
16.660694	0.335773
16.670694	0.326361
16.680695	0.317019
16.690695	0.307750
16.700695	0.298557
16.710695	0.289445
16.720695	0.280418
16.730696	0.271478
16.740696	0.262630
16.750696	0.253876
16.760696	0.245221
16.770697	0.236668
16.780697	0.228221
16.790697	0.219882
16.800697	0.211655
16.810698	0.203543
16.820698	0.195550
16.830698	0.187679
16.840698	0.179933
16.850698	0.172314
16.860699	0.164827
16.870699	0.157474
16.880699	0.150258
16.890699	0.143182
16.900700	0.136248
16.910700	0.129460
16.920700	0.122820
16.930700	0.116332
16.940701	0.109996
16.950701	0.103817
16.960701	0.097796
16.970701	0.091936
16.980701	0.086239
16.990702	0.080708
17.000702	0.075344
17.010702	0.070150
17.020702	0.065128
17.030703	0.060281
17.040703	0.055609
17.050703	0.051114
17.060703	0.046800
17.070704	0.042666
17.080704	0.038716
17.090704	0.034950
17.100704	0.031370
17.110704	0.027978
17.120705	0.024774
17.130705	0.021761
17.140705	0.018938
17.150705	0.016308
17.160706	0.013872
17.170706	0.011630
17.180706	0.009584
17.190706	0.007733
17.200706	0.006080
17.210707	0.004624
17.220707	0.003366
17.230707	0.002307
17.240707	0.001447
17.250708	0.000787
17.260708	0.000326
17.270708	0.000065
17.280708	0.000004
17.290709	0.000143
17.300709	0.000482
17.310709	0.001020
17.320709	0.001759
17.330709	0.002696
17.340710	0.003833
17.350710	0.005168
17.360710	0.006701
17.370710	0.008431
17.380711	0.010358
17.390711	0.012481
17.400711	0.014799
17.410711	0.017310
17.420712	0.020015
17.430712	0.022912
17.440712	0.026000
17.450712	0.029277
17.460712	0.032743
17.470713	0.036396
17.480713	0.040234
17.490713	0.044256
17.500713	0.048460
17.510714	0.052845
17.520714	0.057408
17.530714	0.062149
17.540714	0.067065
17.550714	0.072154
17.560715	0.077414
17.570715	0.082843
17.580715	0.088440
17.590715	0.094200
17.600716	0.100123
17.610716	0.106206
17.620716	0.112447
17.630716	0.118842
17.640717	0.125390
17.650717	0.132088
17.660717	0.138933
17.670717	0.145923
17.680717	0.153054
17.690718	0.160324
17.700718	0.167729
17.710718	0.175268
17.720718	0.182937
17.730719	0.190732
17.740719	0.198651
17.750719	0.206691
17.760719	0.214848
17.770720	0.223119
17.780720	0.231500
17.790720	0.239989
17.800720	0.248583
17.810720	0.257276
17.820721	0.266067
17.830721	0.274952
17.840721	0.283926
17.850721	0.292987
17.860722	0.302131
17.870722	0.311353
17.880722	0.320652
17.890722	0.330022
17.900723	0.339460
17.910723	0.348962
17.920723	0.358524
17.930723	0.368144
17.940723	0.377816
17.950724	0.387536
17.960724	0.397302
17.970724	0.407109
17.980724	0.416953
17.990725	0.426831
18.000725	0.436737
18.010725	0.446669
18.020725	0.456622
18.030725	0.466593
18.040726	0.476577
18.050726	0.486570
18.060726	0.496568
18.070726	0.506568
18.080727	0.516566
18.090727	0.526557
18.100727	0.536537
18.110727	0.546502
18.120728	0.556449
18.130728	0.566374
18.140728	0.576271
18.150728	0.586139
18.160728	0.595971
18.170729	0.605766
18.180729	0.615518
18.190729	0.625224
18.200729	0.634880
18.210730	0.644482
18.220730	0.654026
18.230730	0.663508
18.240730	0.672925
18.250731	0.682273
18.260731	0.691548
18.270731	0.700746
18.280731	0.709865
18.290731	0.718899
18.300732	0.727845
18.310732	0.736701
18.320732	0.745461
18.330732	0.754124
18.340733	0.762685
18.350733	0.771141
18.360733	0.779488
18.370733	0.787724
18.380733	0.795844
18.390734	0.803846
18.400734	0.811727
18.410734	0.819483
18.420734	0.827111
18.430735	0.834608
18.440735	0.841972
18.450735	0.849198
18.460735	0.856285
18.470736	0.863230
18.480736	0.870029
18.490736	0.876680
18.500736	0.883180
18.510736	0.889528
18.520737	0.895719
18.530737	0.901752
18.540737	0.907624
18.550737	0.913334
18.560738	0.918878
18.570738	0.924254
18.580738	0.929461
18.590738	0.934496
18.600739	0.939357
18.610739	0.944042
18.620739	0.948550
18.630739	0.952879
18.640739	0.957026
18.650740	0.960990
18.660740	0.964770
18.670740	0.968364
18.680740	0.971771
18.690741	0.974989
18.700741	0.978017
18.710741	0.980854
18.720741	0.983498
18.730742	0.985949
18.740742	0.988206
18.750742	0.990268
18.760742	0.992133
18.770742	0.993801
18.780743	0.995272
18.790743	0.996545
18.800743	0.997619
18.810743	0.998494
18.820744	0.999170
18.830744	0.999646
18.840744	0.999922
18.850744	0.999999
18.860744	0.999875
18.870745	0.999551
18.880745	0.999028
18.890745	0.998304
18.900745	0.997382
18.910746	0.996260
18.920746	0.994941
18.930746	0.993423
18.940746	0.991707
18.950747	0.989795
18.960747	0.987687
18.970747	0.985384
18.980747	0.982887
18.990747	0.980197
19.000748	0.977315
19.010748	0.974241
19.020748	0.970978
19.030748	0.967527
19.040749	0.963889
19.050749	0.960065
19.060749	0.956057
19.070749	0.951866
19.080750	0.947495
19.090750	0.942945
19.100750	0.938218
19.110750	0.933315
19.120750	0.928239
19.130751	0.922992
19.140751	0.917575
19.150751	0.911992
19.160751	0.906244
19.170752	0.900333
19.180752	0.894262
19.190752	0.888033
19.200752	0.881649
19.210752	0.875113
19.220753	0.868426
19.230753	0.861592
19.240753	0.854614
19.250753	0.847493
19.260754	0.840234
19.270754	0.832838
19.280754	0.825310
19.290754	0.817651
19.300755	0.809865
19.310755	0.801955
19.320755	0.793925
19.330755	0.785777
19.340755	0.777514
19.350756	0.769141
19.360756	0.760660
19.370756	0.752074
19.380756	0.743388
19.390757	0.734605
19.400757	0.725727
19.410757	0.716759
19.420757	0.707705
19.430758	0.698568
19.440758	0.689351
19.450758	0.680058
19.460758	0.670693
19.470758	0.661260
19.480759	0.651763
19.490759	0.642205
19.500759	0.632590
19.510759	0.622922
19.520760	0.613204
19.530760	0.603442
19.540760	0.593638
19.550760	0.583797
19.560760	0.573922
19.570761	0.564017
19.580761	0.554087
19.590761	0.544135
19.600761	0.534166
19.610762	0.524183
19.620762	0.514190
19.630762	0.504192
19.640762	0.494192
19.650763	0.484194
19.660763	0.474203
19.670763	0.464222
19.680763	0.454255
19.690763	0.444306
19.700764	0.434380
19.710764	0.424480
19.720764	0.414611
19.730764	0.404775
19.740765	0.394977
19.750765	0.385222
19.760765	0.375512
19.770765	0.365853
19.780766	0.356247
19.790766	0.346698
19.800766	0.337211
19.810766	0.327788
19.820766	0.318435
19.830767	0.309154
19.840767	0.299950
19.850767	0.290826
19.860767	0.281785
19.870768	0.272832
19.880768	0.263969
19.890768	0.255201
19.900768	0.246531
19.910769	0.237962
19.920769	0.229498
19.930769	0.221143
19.940769	0.212899
19.950769	0.204769
19.960770	0.196758
19.970770	0.188868
19.980770	0.181102
19.990770	0.173465
20.000771	0.165957
20.010771	0.158583
20.020771	0.151346
20.030771	0.144249
20.040771	0.137293
20.050772	0.130483
20.060772	0.123821
20.070772	0.117309
20.080772	0.110950
20.090773	0.104746
20.100773	0.098701
20.110773	0.092816
20.120773	0.087095
20.130774	0.081538
20.140774	0.076149
20.150774	0.070929
20.160774	0.065881
20.170774	0.061006
20.180775	0.056308
20.190775	0.051786
20.200775	0.047444
20.210775	0.043283
20.220776	0.039305
20.230776	0.035511
20.240776	0.031902
20.250776	0.028481
20.260777	0.025249
20.270777	0.022206
20.280777	0.019355
20.290777	0.016696
20.300777	0.014230
20.310778	0.011959
20.320778	0.009882
20.330778	0.008002
20.340778	0.006319
20.350779	0.004833
20.360779	0.003545
20.370779	0.002455
20.380779	0.001565
20.390779	0.000874
20.400780	0.000383
20.410780	0.000092
20.420780	0.000000
20.430780	0.000109
20.440781	0.000417
20.450781	0.000926
20.460781	0.001634
20.470781	0.002541
20.480782	0.003647
20.490782	0.004952
20.500782	0.006455
20.510782	0.008155
20.520782	0.010052
20.530783	0.012145
20.540783	0.014434
20.550783	0.016916
20.560783	0.019592
20.570784	0.022459
20.580784	0.025518
20.590784	0.028767
20.600784	0.032204
20.610785	0.035828
20.620785	0.039638
20.630785	0.043632
20.640785	0.047809
20.650785	0.052166
20.660786	0.056703
20.670786	0.061417
20.680786	0.066306
20.690786	0.071369
20.700787	0.076603
20.710787	0.082007
20.720787	0.087578
20.730787	0.093314
20.740788	0.099212
20.750788	0.105271
20.760788	0.111488
20.770788	0.117860
20.780788	0.124385
20.790789	0.131060
20.800789	0.137883
20.810789	0.144851
20.820789	0.151960
20.830790	0.159209
20.840790	0.166595
20.850790	0.174113
20.860790	0.181762
20.870790	0.189538
20.880791	0.197439
20.890791	0.205460
20.900791	0.213600
20.910791	0.221854
20.920792	0.230219
20.930792	0.238692
20.940792	0.247269
20.950792	0.255948
20.960793	0.264724
20.970793	0.273595
20.980793	0.282556
20.990793	0.291604
21.000793	0.300735
21.010794	0.309946
21.020794	0.319233
21.030794	0.328592
21.040794	0.338020
21.050795	0.347513
21.060795	0.357066
21.070795	0.366677
21.080795	0.376341
21.090796	0.386055
21.100796	0.395814
21.110796	0.405615
21.120796	0.415454
21.130796	0.425326
21.140797	0.435229
21.150797	0.445157
21.160797	0.455107
21.170797	0.465075
21.180798	0.475058
21.190798	0.485050
21.200798	0.495048
21.210798	0.505048
21.220798	0.515046
21.230799	0.525038
21.240799	0.535020
21.250799	0.544988
21.260799	0.554938
21.270800	0.564866
21.280800	0.574768
21.290800	0.584640
21.300800	0.594478
21.310801	0.604279
21.320801	0.614038
21.330801	0.623751
21.340801	0.633415
21.350801	0.643025
21.360802	0.652578
21.370802	0.662070
21.380802	0.671498
21.390802	0.680856
21.400803	0.690143
21.410803	0.699353
21.420803	0.708483
21.430803	0.717530
21.440804	0.726490
21.450804	0.735360
21.460804	0.744135
21.470804	0.752813
21.480804	0.761390
21.490805	0.769862
21.500805	0.778226
21.510805	0.786479
21.520805	0.794617
21.530806	0.802637
21.540806	0.810536
21.550806	0.818312
21.560806	0.825959
21.570807	0.833477
21.580807	0.840861
21.590807	0.848108
21.600807	0.855217
21.610807	0.862183
21.620808	0.869004
21.630808	0.875678
21.640808	0.882202
21.650808	0.888572
21.660809	0.894788
21.670809	0.900845
21.680809	0.906742
21.690809	0.912476
21.700809	0.918045
21.710810	0.923447
21.720810	0.928680
21.730810	0.933741
21.740810	0.938629
21.750811	0.943341
21.760811	0.947876
21.770811	0.952232
21.780811	0.956407
21.790812	0.960399
21.800812	0.964207
21.810812	0.967830
21.820812	0.971265
21.830812	0.974512
21.840813	0.977569
21.850813	0.980435
21.860813	0.983109
21.870813	0.985589
21.880814	0.987876
21.890814	0.989967
21.900814	0.991862
21.910814	0.993560
21.920815	0.995061
21.930815	0.996364
21.940815	0.997469
21.950815	0.998374
21.960815	0.999080
21.970816	0.999587
21.980816	0.999893
21.990816	1.000000
22.000816	0.999907
